0	0	0	0	0
1.25	0	0	0	0
2.5	0	0	0	0
3.75	0	0	0	0
5	0	0	0	0
6.25	0	0	0	0
7.5	0	0	0	0
8.75	0	0	0	0
10	0	0	0	0
0	1.25	0	0	0
1.25	1.25	0.290038	0.277016	0.0130213
2.5	1.25	0.535925	0.51186	0.0240654
3.75	1.25	0.700226	0.668777	0.0314492
5	1.25	0.757926	0.723879	0.0340468
6.25	1.25	0.700238	0.668777	0.0314608
7.5	1.25	0.535943	0.51186	0.0240831
8.75	1.25	0.290052	0.277016	0.0130357
10	1.25	0	0	0
0	2.5	0	0	0
1.25	2.5	0.624247	0.597304	0.0269434
2.5	2.5	1.15347	1.10367	0.0497941
3.75	2.5	1.50709	1.44202	0.0650707
5	2.5	1.63127	1.56083	0.0704437
6.25	2.5	1.50711	1.44202	0.0650917
7.5	2.5	1.1535	1.10367	0.0498264
8.75	2.5	0.624274	0.597304	0.0269697
10	2.5	0	0	0
0	3.75	0	0	0
1.25	3.75	1.05352	1.01089	0.0426242
2.5	3.75	1.94666	1.86789	0.0787717
3.75	3.75	2.54345	2.44051	0.102936
5	3.75	2.75302	2.64159	0.111432
6.25	3.75	2.54348	2.44051	0.102964
7.5	3.75	1.9467	1.86789	0.0788149
8.75	3.75	1.05355	1.01089	0.0426593
10	3.75	0	0	0
0	5	0	0	0
1.25	5	1.64321	1.58239	0.0608175
2.5	5	3.03626	2.92387	0.112391
3.75	5	3.96709	3.82022	0.146863
5	5	4.29396	4.13498	0.158981
6.25	5	3.96712	3.82022	0.146895
7.5	5	3.03631	2.92387	0.11244
8.75	5	1.64325	1.58239	0.0608581
10	5	0	0	0
0	6.25	0	0	0
1.25	6.25	2.48309	2.40106	0.0820308
2.5	6.25	4.58817	4.43658	0.151588
3.75	6.25	5.99475	5.79667	0.198078
5	6.25	6.48869	6.27427	0.214417
6.25	6.25	5.99479	5.79667	0.198112
7.5	6.25	4.58822	4.43658	0.151641
8.75	6.25	2.48313	2.40106	0.0820737
10	6.25	0	0	0
0	7.5	0	0	0
1.25	7.5	3.70104	3.59479	0.106249
2.5	7.5	6.83864	6.6423	0.196337
3.75	7.5	8.93513	8.67859	0.256545
5	7.5	9.67134	9.39364	0.277701
6.25	7.5	8.93517	8.67859	0.256578
7.5	7.5	6.83869	6.6423	0.196388
8.75	7.5	3.70108	3.59479	0.106291
10	7.5	0	0	0
0	8.75	0	0	0
1.25	8.75	5.48247	5.35004	0.132426
2.5	8.75	10.1303	9.88558	0.244704
3.75	8.75	13.2359	12.9161	0.319738
5	8.75	14.3264	13.9803	0.346099
6.25	8.75	13.2359	12.9161	0.319769
7.5	8.75	10.1303	9.88558	0.244752
8.75	8.75	5.4825	5.35004	0.132464
10	8.75	0	0	0
0	10	0	0	0
1.25	10	8.09858	7.94099	0.157585
2.5	10	14.9642	14.673	0.291191
3.75	10	19.5517	19.1713	0.380472
5	10	21.1626	20.7508	0.411835
6.25	10	19.5518	19.1713	0.380499
7.5	10	14.9643	14.673	0.29123
8.75	10	8.09861	7.94099	0.157617
10	10	0	0	0
0	11.25	0	0	0
1.25	11.25	11.9476	11.7724	0.175282
2.5	11.25	22.0764	21.7525	0.323887
3.75	11.25	28.8442	28.421	0.423191
5	11.25	31.2207	30.7627	0.458069
6.25	11.25	28.8442	28.421	0.42321
7.5	11.25	22.0764	21.7525	0.323917
8.75	11.25	11.9477	11.7724	0.175307
10	11.25	0	0	0
0	12.5	0	0	0
1.25	12.5	17.6157	17.4426	0.173019
2.5	12.5	32.5495	32.2298	0.319706
3.75	12.5	42.528	42.1102	0.417721
5	12.5	46.0319	45.5798	0.452145
6.25	12.5	42.528	42.1102	0.417736
7.5	12.5	32.5495	32.2298	0.319729
8.75	12.5	17.6157	17.4426	0.173038
10	12.5	0	0	0
0	13.75	0	0	0
1.25	13.75	25.9655	25.8375	0.127972
2.5	13.75	47.978	47.7415	0.236465
3.75	13.75	62.6862	62.3773	0.30896
5	13.75	67.8511	67.5167	0.334419
6.25	13.75	62.6863	62.3773	0.308968
7.5	13.75	47.978	47.7415	0.236473
8.75	13.75	25.9655	25.8375	0.127981
10	13.75	0	0	0
0	15	0	0	0
1.25	15	38.2683	38.2683	0
2.5	15	70.7107	70.7107	0
3.75	15	92.388	92.388	0
5	15	100	100	0
6.25	15	92.388	92.388	0
7.5	15	70.7107	70.7107	0
8.75	15	38.2683	38.2683	0
10	15	0	0	0
