-5  0.0384615 0.0384615
-4.99  -0.021257 0.0386099
-4.98  -0.185286 0.0387591
-4.97  -0.432514 0.0389092
-4.96  -0.744337 0.0390601
-4.95  -1.10443 0.0392119
-4.94  -1.49856 0.0393645
-4.93  -1.91436 0.0395181
-4.92  -2.34119 0.0396725
-4.91  -2.76995 0.0398278
-4.9  -3.19293 0.039984
-4.89  -3.60368 0.0401412
-4.88  -3.99687 0.0402992
-4.87  -4.36818 0.0404582
-4.86  -4.71419 0.0406181
-4.85  -5.03225 0.0407789
-4.84  -5.32045 0.0409407
-4.83  -5.57748 0.0411034
-4.82  -5.80255 0.0412671
-4.81  -5.99539 0.0414318
-4.8  -6.1561 0.0415974
-4.79  -6.28514 0.041764
-4.77999  -6.38325 0.0419316
-4.76999  -6.45145 0.0421002
-4.75999  -6.49093 0.0422698
-4.74999  -6.50307 0.0424404
-4.73999  -6.48937 0.042612
-4.72999  -6.45143 0.0427847
-4.71999  -6.39091 0.0429584
-4.70999  -6.30955 0.0431331
-4.69999  -6.20907 0.0433089
-4.68999  -6.09125 0.0434858
-4.67999  -5.95781 0.0436637
-4.66999  -5.81047 0.0438427
-4.65999  -5.65091 0.0440228
-4.64999  -5.48077 0.0442039
-4.63999  -5.30162 0.0443862
-4.62999  -5.11497 0.0445696
-4.61999  -4.92226 0.0447541
-4.60999  -4.72487 0.0449397
-4.59999  -4.52409 0.0451265
-4.58999  -4.32113 0.0453145
-4.57999  -4.11713 0.0455035
-4.56999  -3.91313 0.0456938
-4.55999  -3.71011 0.0458852
-4.54999  -3.50895 0.0460778
-4.53999  -3.31047 0.0462717
-4.52999  -3.11537 0.0464667
-4.51999  -2.92434 0.0466629
-4.50999  -2.73793 0.0468604
-4.49999  -2.55666 0.0470591
-4.48999  -2.38096 0.047259
-4.47999  -2.21122 0.0474602
-4.46999  -2.04773 0.0476626
-4.45999  -1.89075 0.0478664
-4.44999  -1.74048 0.0480714
-4.43999  -1.59707 0.0482777
-4.42999  -1.4606 0.0484854
-4.41999  -1.33113 0.0486943
-4.40999  -1.20866 0.0489046
-4.39999  -1.09317 0.0491162
-4.38999  -0.984587 0.0493292
-4.37999  -0.882823 0.0495435
-4.36999  -0.787749 0.0497592
-4.35999  -0.699215 0.0499763
-4.34999  -0.617046 0.0501948
-4.33998  -0.541052 0.0504147
-4.32998  -0.47102 0.0506361
-4.31998  -0.406726 0.0508588
-4.30998  -0.347935 0.0510831
-4.29998  -0.294399 0.0513087
-4.28998  -0.245864 0.0515359
-4.27998  -0.20207 0.0517645
-4.26998  -0.162755 0.0519946
-4.25998  -0.127653 0.0522263
-4.24998  -0.0964983 0.0524594
-4.23998  -0.0690265 0.0526941
-4.22998  -0.0449754 0.0529304
-4.21998  -0.0240875 0.0531682
-4.20998  -0.00610971 0.0534075
-4.19998  0.00920522 0.0536485
-4.18998  0.0220973 0.0538911
-4.17998  0.0327996 0.0541353
-4.16998  0.0415361 0.0543811
-4.15998  0.0485221 0.0546286
-4.14998  0.0539637 0.0548777
-4.13998  0.058057 0.0551285
-4.12998  0.060988 0.055381
-4.11998  0.0629323 0.0556352
-4.10998  0.064055 0.0558911
-4.09998  0.0645106 0.0561488
-4.08998  0.0644427 0.0564082
-4.07998  0.0639845 0.0566693
-4.06998  0.0632585 0.0569323
-4.05998  0.0623766 0.057197
-4.04998  0.0614407 0.0574636
-4.03998  0.0605425 0.057732
-4.02998  0.0597639 0.0580022
-4.01998  0.0591773 0.0582743
-4.00998  0.0588458 0.0585483
-3.99998  0.0588239 0.0588242
-3.98998  0.0591572 0.0591019
-3.97998  0.0598835 0.0593816
-3.96998  0.0610329 0.0596633
-3.95998  0.062628 0.0599469
-3.94998  0.0646845 0.0602325
-3.93998  0.067212 0.0605201
-3.92998  0.0702136 0.0608098
-3.91998  0.0736872 0.0611015
-3.90998  0.0776254 0.0613952
-3.89998  0.0820159 0.061691
-3.88998  0.0868423 0.0619889
-3.87998  0.0920844 0.0622889
-3.86998  0.0977183 0.062591
-3.85998  0.103717 0.0628954
-3.84998  0.110052 0.0632018
-3.83998  0.11669 0.0635105
-3.82998  0.123598 0.0638214
-3.81998  0.13074 0.0641345
-3.80998  0.138081 0.0644499
-3.79998  0.145582 0.0647676
-3.78998  0.153206 0.0650875
-3.77998  0.160914 0.0654098
-3.76998  0.168669 0.0657344
-3.75998  0.176431 0.0660614
-3.74998  0.184164 0.0663908
-3.73998  0.19183 0.0667226
-3.72998  0.199394 0.0670568
-3.71998  0.20682 0.0673935
-3.70998  0.214076 0.0677326
-3.69998  0.221129 0.0680743
-3.68998  0.227948 0.0684185
-3.67998  0.234505 0.0687652
-3.66998  0.240772 0.0691145
-3.65998  0.246725 0.0694665
-3.64998  0.252341 0.069821
-3.63998  0.257599 0.0701782
-3.62998  0.262479 0.0705381
-3.61998  0.266966 0.0709007
-3.60998  0.271043 0.071266
-3.59998  0.274701 0.0716341
-3.58998  0.277927 0.0720049
-3.57998  0.280714 0.0723786
-3.56998  0.283056 0.0727551
-3.55998  0.28495 0.0731345
-3.54998  0.286393 0.0735167
-3.53998  0.287388 0.073902
-3.52998  0.287935 0.0742901
-3.51998  0.288039 0.0746812
-3.50998  0.287706 0.0750754
-3.49998  0.286945 0.0754726
-3.48998  0.285764 0.0758728
-3.47998  0.284176 0.0762762
-3.46998  0.282193 0.0766827
-3.45998  0.279829 0.0770924
-3.44998  0.277099 0.0775053
-3.43998  0.274021 0.0779214
-3.42998  0.270613 0.0783408
-3.41998  0.266892 0.0787634
-3.40998  0.262879 0.0791894
-3.39998  0.258594 0.0796188
-3.38998  0.254059 0.0800515
-3.37998  0.249296 0.0804878
-3.36998  0.244326 0.0809274
-3.35998  0.239173 0.0813706
-3.34998  0.233859 0.0818173
-3.33998  0.228408 0.0822676
-3.32998  0.222843 0.0827215
-3.31998  0.217187 0.0831791
-3.30998  0.211464 0.0836403
-3.29998  0.205696 0.0841053
-3.28998  0.199906 0.0845741
-3.27998  0.194117 0.0850466
-3.26998  0.18835 0.085523
-3.25998  0.182626 0.0860033
-3.24998  0.176968 0.0864876
-3.23998  0.171394 0.0869757
-3.22998  0.165925 0.087468
-3.21998  0.160579 0.0879642
-3.20998  0.155374 0.0884646
-3.19998  0.150327 0.0889691
-3.18998  0.145454 0.0894778
-3.17998  0.140771 0.0899907
-3.16998  0.136291 0.0905079
-3.15998  0.132029 0.0910294
-3.14998  0.127995 0.0915553
-3.13998  0.124202 0.0920856
-3.12998  0.12066 0.0926204
-3.11998  0.117376 0.0931596
-3.10998  0.114361 0.0937035
-3.09998  0.111619 0.0942519
-3.08998  0.109157 0.094805
-3.07998  0.106979 0.0953628
-3.06998  0.10509 0.0959254
-3.05998  0.10349 0.0964928
-3.04998  0.102183 0.0970651
-3.03998  0.101168 0.0976423
-3.02998  0.100444 0.0982244
-3.01998  0.10001 0.0988116
-3.00998  0.0998636 0.0994039
-2.99998  0.100001 0.100001
-2.98998  0.100417 0.100604
-2.97998  0.101107 0.101212
-2.96998  0.102064 0.101825
-2.95998  0.103283 0.102444
-2.94998  0.104754 0.103068
-2.93998  0.10647 0.103697
-2.92998  0.108421 0.104332
-2.91998  0.110597 0.104973
-2.90998  0.112989 0.105619
-2.89998  0.115585 0.106271
-2.88998  0.118374 0.106929
-2.87998  0.121345 0.107593
-2.86998  0.124484 0.108263
-2.85998  0.12778 0.108939
-2.84998  0.13122 0.109621
-2.83998  0.13479 0.110309
-2.82998  0.138477 0.111003
-2.81998  0.142269 0.111703
-2.80998  0.146151 0.11241
-2.79998  0.150109 0.113124
-2.78998  0.154131 0.113844
-2.77998  0.158203 0.11457
-2.76998  0.162311 0.115303
-2.75998  0.166442 0.116043
-2.74998  0.170583 0.11679
-2.73998  0.174721 0.117544
-2.72998  0.178842 0.118304
-2.71998  0.182936 0.119072
-2.70998  0.186989 0.119847
-2.69998  0.19099 0.120629
-2.68998  0.194927 0.121418
-2.67998  0.19879 0.122215
-2.66998  0.202567 0.12302
-2.65998  0.20625 0.123832
-2.64998  0.209828 0.124651
-2.63998  0.213292 0.125479
-2.62998  0.216634 0.126314
-2.61998  0.219846 0.127157
-2.60998  0.222921 0.128008
-2.59998  0.225851 0.128868
-2.58998  0.228631 0.129736
-2.57998  0.231255 0.130612
-2.56998  0.233718 0.131496
-2.55998  0.236015 0.132389
-2.54998  0.238144 0.133291
-2.53998  0.240101 0.134201
-2.52998  0.241883 0.135121
-2.51998  0.243489 0.136049
-2.50998  0.244918 0.136986
-2.49998  0.24617 0.137933
-2.48998  0.247243 0.138889
-2.47998  0.24814 0.139854
-2.46998  0.24886 0.140829
-2.45998  0.249407 0.141814
-2.44998  0.249783 0.142808
-2.43998  0.24999 0.143813
-2.42998  0.250033 0.144827
-2.41998  0.249915 0.145851
-2.40998  0.249641 0.146886
-2.39998  0.249216 0.147931
-2.38998  0.248646 0.148987
-2.37998  0.247936 0.150053
-2.36998  0.247094 0.15113
-2.35998  0.246125 0.152219
-2.34998  0.245038 0.153318
-2.33998  0.24384 0.154428
-2.32998  0.242538 0.15555
-2.31998  0.24114 0.156683
-2.30998  0.239656 0.157828
-2.29998  0.238094 0.158985
-2.28998  0.236463 0.160154
-2.27998  0.234771 0.161334
-2.26998  0.233028 0.162528
-2.25998  0.231244 0.163733
-2.24998  0.229427 0.164951
-2.23998  0.227588 0.166182
-2.22998  0.225736 0.167425
-2.21998  0.22388 0.168682
-2.20998  0.22203 0.169952
-2.19998  0.220196 0.171236
-2.18998  0.218387 0.172533
-2.17998  0.216612 0.173843
-2.16998  0.21488 0.175168
-2.15998  0.213201 0.176507
-2.14998  0.211584 0.17786
-2.13998  0.210037 0.179227
-2.12998  0.208568 0.180609
-2.11998  0.207187 0.182006
-2.10998  0.205901 0.183419
-2.09998  0.204718 0.184846
-2.08998  0.203644 0.186289
-2.07998  0.202688 0.187747
-2.06998  0.201857 0.189221
-2.05998  0.201155 0.190712
-2.04998  0.20059 0.192218
-2.03998  0.200168 0.193742
-2.02998  0.199893 0.195281
-2.01998  0.199771 0.196838
-2.00998  0.199805 0.198412
-1.99998  0.200001 0.200003
-1.98998  0.200361 0.201612
-1.97998  0.200888 0.203239
-1.96998  0.201587 0.204884
-1.95998  0.202458 0.206547
-1.94998  0.203504 0.208228
-1.93998  0.204725 0.209929
-1.92998  0.206124 0.211648
-1.91998  0.207701 0.213387
-1.90998  0.209454 0.215145
-1.89998  0.211385 0.216923
-1.88998  0.213493 0.218722
-1.87998  0.215775 0.22054
-1.86998  0.21823 0.222379
-1.85998  0.220857 0.224239
-1.84998  0.223652 0.22612
-1.83998  0.226613 0.228023
-1.82998  0.229736 0.229947
-1.81998  0.233017 0.231893
-1.80998  0.236453 0.233862
-1.79998  0.240039 0.235853
-1.78998  0.243769 0.237867
-1.77998  0.24764 0.239904
-1.76998  0.251646 0.241965
-1.75998  0.25578 0.24405
-1.74998  0.260037 0.246158
-1.73998  0.26441 0.248291
-1.72998  0.268893 0.250449
-1.71998  0.273479 0.252632
-1.70998  0.278162 0.25484
-1.69998  0.282933 0.257074
-1.68998  0.287786 0.259334
-1.67998  0.292713 0.26162
-1.66998  0.297707 0.263934
-1.65998  0.30276 0.266274
-1.64998  0.307863 0.268642
-1.63998  0.31301 0.271037
-1.62998  0.318192 0.273461
-1.61998  0.323402 0.275913
-1.60998  0.328631 0.278394
-1.59998  0.333871 0.280904
-1.58998  0.339116 0.283444
-1.57998  0.344355 0.286014
-1.56998  0.349584 0.288614
-1.55998  0.354792 0.291245
-1.54998  0.359974 0.293907
-1.53998  0.365121 0.296601
-1.52998  0.370226 0.299326
-1.51998  0.375283 0.302084
-1.50998  0.380284 0.304874
-1.49998  0.385223 0.307698
-1.48998  0.390094 0.310555
-1.47998  0.394889 0.313446
-1.46998  0.399605 0.316372
-1.45998  0.404233 0.319332
-1.44998  0.40877 0.322327
-1.43998  0.41321 0.325358
-1.42998  0.417549 0.328424
-1.41998  0.421782 0.331527
-1.40998  0.425905 0.334667
-1.39998  0.429915 0.337844
-1.38998  0.433807 0.341059
-1.37998  0.437579 0.344312
-1.36998  0.441228 0.347603
-1.35998  0.444752 0.350933
-1.34998  0.44815 0.354303
-1.33998  0.451418 0.357712
-1.32998  0.454558 0.361161
-1.31998  0.457567 0.364651
-1.30998  0.460445 0.368182
-1.29998  0.463193 0.371754
-1.28998  0.465811 0.375369
-1.27998  0.468298 0.379025
-1.26998  0.470659 0.382724
-1.25998  0.472893 0.386466
-1.24998  0.475002 0.390252
-1.23998  0.476989 0.394081
-1.22998  0.478857 0.397954
-1.21998  0.480609 0.401873
-1.20998  0.482248 0.405836
-1.19998  0.483778 0.409844
-1.18998  0.485204 0.413898
-1.17998  0.486529 0.417999
-1.16998  0.487759 0.422145
-1.15998  0.488897 0.426339
-1.14998  0.489953 0.430579
-1.13998  0.490928 0.434867
-1.12998  0.491829 0.439202
-1.11998  0.492665 0.443586
-1.10998  0.49344 0.448017
-1.09998  0.49416 0.452498
-1.08998  0.494834 0.457027
-1.07998  0.495468 0.461604
-1.06998  0.496069 0.466231
-1.05998  0.496645 0.470908
-1.04998  0.497203 0.475634
-1.03998  0.497752 0.480409
-1.02998  0.498298 0.485234
-1.01998  0.49885 0.49011
-1.00998  0.499415 0.495035
-0.99998  0.500001 0.50001
-0.98998  0.500618 0.505035
-0.97998  0.501271 0.51011
-0.96998  0.50197 0.515235
-0.95998  0.502723 0.52041
-0.94998  0.503535 0.525635
-0.93998  0.504419 0.530909
-0.92998  0.505378 0.536232
-0.91998  0.506423 0.541605
-0.90998  0.507557 0.547027
-0.89998  0.508792 0.552497
-0.88998  0.510133 0.558015
-0.87998  0.511588 0.563582
-0.86998  0.513161 0.569195
-0.85998  0.514863 0.574856
-0.84998  0.516697 0.580563
-0.83998  0.51867 0.586315
-0.82998  0.520787 0.592113
-0.81998  0.523057 0.597955
-0.80998  0.52548 0.60384
-0.79998  0.528063 0.609768
-0.78998  0.530812 0.615737
-0.77998  0.533728 0.621748
-0.76998  0.536819 0.627798
-0.75998  0.540085 0.633886
-0.74998  0.54353 0.640012
-0.73998  0.547157 0.646174
-0.72998  0.550971 0.65237
-0.71998  0.554968 0.6586
-0.70998  0.559155 0.664862
-0.69998  0.563528 0.671153
-0.689981  0.568091 0.677473
-0.679981  0.572846 0.68382
-0.669981  0.577788 0.690191
-0.659981  0.582917 0.696585
-0.649981  0.588237 0.703
-0.639981  0.593741 0.709434
-0.629981  0.599428 0.715883
-0.619981  0.605295 0.722347
-0.609981  0.611344 0.728822
-0.599981  0.617565 0.735307
-0.589981  0.623957 0.741797
-0.579981  0.630517 0.748292
-0.569981  0.637238 0.754787
-0.559981  0.644117 0.761279
-0.549981  0.651149 0.767767
-0.539981  0.658322 0.774246
-0.529981  0.665638 0.780714
-0.519981  0.673086 0.787166
-0.509981  0.680655 0.7936
-0.499981  0.688347 0.800012
-0.489981  0.696147 0.806399
-0.479981  0.704046 0.812756
-0.469981  0.712041 0.81908
-0.459981  0.720115 0.825367
-0.449981  0.728272 0.831613
-0.439981  0.736492 0.837813
-0.429981  0.744764 0.843965
-0.419981  0.753082 0.850063
-0.409981  0.761441 0.856103
-0.399981  0.76982 0.86208
-0.389981  0.778217 0.867992
-0.379981  0.786614 0.873832
-0.369981  0.795006 0.879596
-0.359981  0.803381 0.88528
-0.349981  0.811716 0.890879
-0.339981  0.82002 0.896389
-0.329981  0.82826 0.901805
-0.319981  0.836447 0.907122
-0.309981  0.844553 0.912335
-0.299981  0.852576 0.917441
-0.289981  0.860489 0.922434
-0.279981  0.868295 0.927309
-0.269981  0.875983 0.932062
-0.259981  0.883535 0.936689
-0.249981  0.890948 0.941185
-0.239981  0.898199 0.945545
-0.229981  0.905272 0.949766
-0.219981  0.912176 0.953842
-0.209981  0.918894 0.95777
-0.199981  0.925415 0.961546
-0.189981  0.931707 0.965165
-0.179981  0.937804 0.968623
-0.169981  0.943644 0.971918
-0.159981  0.949269 0.975045
-0.149981  0.954632 0.978001
-0.139981  0.959742 0.980782
-0.129981  0.96458 0.983386
-0.119981  0.96914 0.985809
-0.109981  0.973425 0.988049
-0.0999809  0.977418 0.990103
-0.0899809  0.981119 0.991968
-0.0799809  0.984501 0.993644
-0.0699809  0.987579 0.995127
-0.0599809  0.990333 0.996415
-0.0499809  0.992772 0.997508
-0.0399809  0.994896 0.998404
-0.0299809  0.996674 0.999102
-0.0199809  0.998121 0.999601
-0.00998086  0.999233 0.9999
1.91445e-05  1.00001 1
0.0100191  1.00044 0.9999
0.0200191  1.00052 0.999599
0.0300191  1.00025 0.9991
0.0400191  0.999635 0.998401
0.0500191  0.998691 0.997504
0.0600191  0.997394 0.996411
0.0700191  0.99575 0.995121
0.0800191  0.993738 0.993638
0.0900191  0.991438 0.991962
0.100019  0.988744 0.990095
0.110019  0.985735 0.988041
0.120019  0.982359 0.9858
0.130019  0.978706 0.983376
0.140019  0.97472 0.980772
0.150019  0.970397 0.97799
0.160019  0.965757 0.975033
0.170019  0.960835 0.971906
0.180019  0.955609 0.96861
0.190019  0.950066 0.965151
0.200019  0.944265 0.961531
0.210019  0.938191 0.957755
0.220019  0.931841 0.953827
0.230019  0.925209 0.94975
0.240019  0.918375 0.945529
0.250019  0.911262 0.941168
0.260019  0.90392 0.936672
0.270019  0.896363 0.932044
0.280019  0.888633 0.92729
0.290019  0.880685 0.922415
0.300019  0.872525 0.917422
0.310019  0.864239 0.912316
0.320019  0.855751 0.907102
0.330019  0.847159 0.901784
0.340019  0.838407 0.896368
0.350019  0.829532 0.890858
0.360019  0.820576 0.885258
0.370019  0.811475 0.879574
0.380019  0.802327 0.873809
0.390019  0.793069 0.867969
0.400019  0.783838 0.862058
0.410019  0.774487 0.85608
0.420019  0.76515 0.850039
0.430019  0.755764 0.843941
0.440019  0.746428 0.83779
0.450019  0.736996 0.831589
0.460019  0.727693 0.825343
0.470019  0.718399 0.819056
0.480019  0.709199 0.812732
0.490019  0.699997 0.806374
0.500019  0.690874 0.799988
0.510019  0.681896 0.793576
0.520019  0.673013 0.787141
0.530019  0.664205 0.780689
0.540019  0.655557 0.774221
0.550019  0.646966 0.767742
0.560019  0.638657 0.761254
0.570019  0.630444 0.754762
0.580019  0.622374 0.748267
0.590019  0.614521 0.741772
0.600019  0.606832 0.735282
0.610019  0.599352 0.728798
0.620019  0.59217 0.722322
0.630019  0.585091 0.715859
0.640019  0.578269 0.709409
0.650019  0.571663 0.702976
0.660019  0.565309 0.696561
0.670019  0.559196 0.690167
0.680019  0.553332 0.683796
0.690019  0.547702 0.677449
0.700019  0.542391 0.671129
0.710019  0.537246 0.664838
0.720019  0.532534 0.658576
0.730019  0.527909 0.652347
0.740019  0.523678 0.64615
0.750019  0.519606 0.639988
0.760019  0.515864 0.633863
0.770019  0.512417 0.627774
0.780019  0.509292 0.621725
0.790019  0.506244 0.615714
0.800019  0.503743 0.609745
0.810019  0.501441 0.603817
0.820019  0.499313 0.597932
0.830019  0.497361 0.592091
0.840019  0.495896 0.586293
0.850019  0.494481 0.580541
0.860019  0.493454 0.574834
0.870019  0.492628 0.569174
0.880019  0.492081 0.56356
0.890019  0.491584 0.557994
0.900019  0.491449 0.552476
0.910019  0.491527 0.547006
0.920019  0.491818 0.541584
0.930019  0.492229 0.536212
0.940019  0.492981 0.530888
0.950019  0.493705 0.525614
0.960019  0.494803 0.52039
0.970019  0.495741 0.515215
0.980018  0.497189 0.510091
0.990018  0.498524 0.505016
1.00002  0.500237 0.499991
1.01002  0.501821 0.495016
1.02002  0.503596 0.490091
1.03002  0.505273 0.485216
1.04002  0.507136 0.480391
1.05002  0.509307 0.475616
1.06002  0.511276 0.47089
1.07002  0.513402 0.466214
1.08002  0.515448 0.461587
1.09002  0.517491 0.457009
1.10002  0.519668 0.45248
1.11002  0.521666 0.448
1.12002  0.523806 0.443569
1.13002  0.525455 0.439186
1.14002  0.527623 0.43485
1.15002  0.529022 0.430563
1.16002  0.530904 0.426322
1.17002  0.532551 0.422129
1.18002  0.533773 0.417983
1.19002  0.535397 0.413883
1.20002  0.536514 0.409829
1.21002  0.537578 0.40582
1.22002  0.5387 0.401857
1.23002  0.539156 0.397939
1.24002  0.540128 0.394066
1.25002  0.540249 0.390237
1.26002  0.540346 0.386452
1.27002  0.540467 0.38271
1.28002  0.540325 0.379011
1.29002  0.539652 0.375355
1.30002  0.539111 0.371741
1.31002  0.538008 0.368169
1.32002  0.536666 0.364638
1.33002  0.535224 0.361148
1.34002  0.534107 0.357699
1.35002  0.531776 0.35429
1.36002  0.529824 0.35092
1.37002  0.526813 0.34759
1.38002  0.524383 0.344299
1.39002  0.521318 0.341047
1.40002  0.518233 0.337832
1.41002  0.514267 0.334655
1.42002  0.510568 0.331515
1.43002  0.505636 0.328412
1.44002  0.502284 0.325346
1.45002  0.496977 0.322315
1.46002  0.492381 0.31932
1.47002  0.486788 0.31636
1.48002  0.482183 0.313435
1.49002  0.475876 0.310544
1.50002  0.470404 0.307687
1.51002  0.46428 0.304864
1.52002  0.458343 0.302073
1.53002  0.45168 0.299316
1.54002  0.445013 0.29659
1.55002  0.437529 0.293897
1.56002  0.430989 0.291235
1.57002  0.423677 0.288604
1.58002  0.416864 0.286004
1.59002  0.408073 0.283434
1.60002  0.400221 0.280894
1.61002  0.393096 0.278384
1.62002  0.386212 0.275903
1.63002  0.377194 0.273451
1.64002  0.370352 0.271028
1.65002  0.361656 0.268632
1.66002  0.353618 0.266265
1.67002  0.346658 0.263925
1.68002  0.338295 0.261612
1.69002  0.331165 0.259325
1.70002  0.323331 0.257065
1.71002  0.315478 0.254832
1.72002  0.307261 0.252623
1.73002  0.300457 0.250441
1.74002  0.291657 0.248283
1.75002  0.284519 0.24615
1.76002  0.277949 0.244042
1.77002  0.269757 0.241957
1.78002  0.264218 0.239897
1.79002  0.25869 0.237859
1.80002  0.252535 0.235846
1.81002  0.24502 0.233854
1.82002  0.239624 0.231886
1.83002  0.23447 0.22994
1.84002  0.229546 0.228016
1.85002  0.224537 0.226113
1.86002  0.221697 0.224232
1.87002  0.216218 0.222372
1.88002  0.213141 0.220533
1.89002  0.211374 0.218715
1.90002  0.207068 0.216917
1.91002  0.202596 0.215139
1.92002  0.201932 0.21338
1.93002  0.20053 0.211642
1.94002  0.197243 0.209922
1.95002  0.197775 0.208222
1.96002  0.196437 0.20654
1.97002  0.197051 0.204877
1.98002  0.199184 0.203233
1.99002  0.198627 0.201606
2.00002  0.200532 0.199997
2.01002  0.199801 0.198406
2.02002  0.202757 0.196832
2.03002  0.2076 0.195275
2.04002  0.211322 0.193736
2.05002  0.213939 0.192213
2.06002  0.214528 0.190706
2.07002  0.22458 0.189216
2.08002  0.227371 0.187741
2.09002  0.230242 0.186283
2.10002  0.235849 0.18484
2.11002  0.242339 0.183413
2.12002  0.251929 0.182001
2.13002  0.262176 0.180604
2.14002  0.263039 0.179222
2.15002  0.272242 0.177854
2.16002  0.276887 0.176501
2.17002  0.285017 0.175163
2.18002  0.29713 0.173838
2.19002  0.306649 0.172528
2.20002  0.312105 0.171231
2.21002  0.322291 0.169947
2.22002  0.336019 0.168677
2.23002  0.339876 0.167421
2.24002  0.351937 0.166177
2.25002  0.358791 0.164946
2.26002  0.364047 0.163728
2.27002  0.376415 0.162523
2.28002  0.382283 0.16133
2.29002  0.397552 0.160149
2.30002  0.402655 0.15898
2.31002  0.408862 0.157824
2.32002  0.424749 0.156679
2.33002  0.426796 0.155546
2.34002  0.438987 0.154424
2.35002  0.447668 0.153314
2.36002  0.456119 0.152214
2.37002  0.457437 0.151126
2.38002  0.465782 0.150049
2.39002  0.474193 0.148983
2.40002  0.476284 0.147927
2.41002  0.490746 0.146882
2.42002  0.497242 0.145847
2.43002  0.499389 0.144823
2.44002  0.498832 0.143809
2.45002  0.506418 0.142804
2.46002  0.509345 0.14181
2.47002  0.514024 0.140826
2.48002  0.512726 0.139851
2.49002  0.513421 0.138885
2.50002  0.507098 0.137929
2.51002  0.515392 0.136983
2.52002  0.518135 0.136045
2.53002  0.510185 0.135117
2.54002  0.512743 0.134198
2.55002  0.514254 0.133287
2.56002  0.508263 0.132386
2.57002  0.504369 0.131493
2.58002  0.501819 0.130608
2.59002  0.495611 0.129732
2.60002  0.480518 0.128865
2.61002  0.469809 0.128005
2.62002  0.472629 0.127154
2.63002  0.456259 0.126311
2.64002  0.454329 0.125475
2.65002  0.438013 0.124648
2.66002  0.426783 0.123828
2.67002  0.418655 0.123016
2.68002  0.40063 0.122212
2.69002  0.403058 0.121415
2.70002  0.393385 0.120626
2.71002  0.369615 0.119844
2.72002  0.354228 0.119069
2.73002  0.346754 0.118301
2.74002  0.346129 0.117541
2.75002  0.324275 0.116787
2.76002  0.29372 0.11604
2.77002  0.281423 0.1153
2.78002  0.270048 0.114567
2.79002  0.252143 0.113841
2.80002  0.243852 0.113121
2.81002  0.230519 0.112408
2.82002  0.215143 0.111701
2.83002  0.182783 0.111
2.84002  0.170237 0.110306
2.85002  0.14634 0.109618
2.86002  0.143569 0.108936
2.87002  0.157873 0.10826
2.88002  0.132191 0.107591
2.89002  0.146199 0.106927
2.90002  0.123109 0.106269
2.91002  0.1009 0.105617
2.92002  0.0851285 0.10497
2.93002  0.106593 0.10433
2.94002  0.103966 0.103695
2.95002  0.0714468 0.103065
2.96002  0.0673884 0.102441
2.97002  0.0841371 0.101823
2.98002  0.0748976 0.101209
2.99002  0.0715278 0.100602
3.00002  0.0968428 0.099999
3.01002  0.0890697 0.0994016
3.02002  0.122993 0.0988093
3.03002  0.119625 0.0982222
3.04002  0.123144 0.09764
3.05002  0.158656 0.0970629
3.06002  0.163447 0.0964906
3.07002  0.189749 0.0959232
3.08002  0.184688 0.0953607
3.09002  0.196087 0.0948029
3.10002  0.229796 0.0942498
3.11002  0.266923 0.0937014
3.12002  0.310325 0.0931575
3.13002  0.34956 0.0926183
3.14002  0.355236 0.0920835
3.15002  0.384457 0.0915533
3.16002  0.43903 0.0910274
3.17002  0.448429 0.0905059
3.18002  0.516799 0.0899887
3.19002  0.565587 0.0894758
3.20002  0.608025 0.0889671
3.21002  0.692003 0.0884627
3.22002  0.759065 0.0879623
3.23002  0.789467 0.0874661
3.24002  0.841173 0.0869739
3.25002  0.88805 0.0864857
3.26002  1.00131 0.0860015
3.27002  1.02726 0.0855212
3.28002  1.11984 0.0850448
3.29002  1.14838 0.0845723
3.30002  1.23747 0.0841035
3.31002  1.31991 0.0836386
3.32002  1.38718 0.0831773
3.33002  1.42493 0.0827198
3.34002  1.57909 0.0822659
3.35002  1.55364 0.0818156
3.36002  1.67966 0.0813689
3.37002  1.77135 0.0809257
3.38002  1.89084 0.0804861
3.39002  1.90359 0.0800499
3.40002  1.96595 0.0796171
3.41002  2.06184 0.0791878
3.42002  2.15682 0.0787618
3.43002  2.24308 0.0783391
3.44002  2.21416 0.0779198
3.45002  2.35763 0.0775037
3.46002  2.47879 0.0770908
3.47002  2.46037 0.0766812
3.48002  2.58378 0.0762747
3.49002  2.58346 0.0758713
3.50002  2.7202 0.0754711
3.51002  2.70758 0.0750739
3.52002  2.9099 0.0746797
3.53002  2.92116 0.0742886
3.54002  2.8166 0.0739005
3.55002  2.83862 0.0735153
3.56002  3.0085 0.073133
3.57002  3.01324 0.0727536
3.58002  3.00031 0.0723771
3.59002  2.99764 0.0720035
3.60002  2.98618 0.0716326
3.61002  3.12242 0.0712646
3.62002  3.02516 0.0708993
3.63002  3.07153 0.0705367
3.64002  2.98646 0.0701768
3.65002  3.00986 0.0698196
3.66002  2.93176 0.0694651
3.67002  2.94199 0.0691132
3.68002  2.91325 0.0687639
3.69002  2.62711 0.0684171
3.70002  2.68464 0.068073
3.71002  2.6924 0.0677313
3.72002  2.61317 0.0673922
3.73002  2.5717 0.0670555
3.74002  2.57442 0.0667213
3.75002  2.35208 0.0663895
3.76002  2.26804 0.0660601
3.77002  2.11675 0.0657332
3.78002  1.99263 0.0654086
3.79002  1.82215 0.0650863
3.80002  1.84754 0.0647663
3.81002  1.79453 0.0644487
3.82002  1.7141 0.0641333
3.83002  1.47515 0.0638202
3.84002  1.21386 0.0635093
3.85002  1.2085 0.0632007
3.86002  1.22557 0.0628942
3.87002  1.14334 0.0625899
3.88002  0.750161 0.0622877
3.89002  0.953739 0.0619877
3.90002  0.617981 0.0616898
3.91002  0.832178 0.061394
3.92002  0.366457 0.0611003
3.93002  0.209032 0.0608087
3.94002  -0.0297374 0.060519
3.95002  0.024857 0.0602314
3.96002  0.123768 0.0599458
3.97002  -0.1201 0.0596622
3.98002  -0.224747 0.0593806
3.99002  -0.203171 0.0591009
4.00002  -0.0813955 0.0588231
4.01002  -0.194878 0.0585472
4.02002  -0.195249 0.0582733
4.03002  0.195269 0.0580012
4.04002  0.00584567 0.0577309
4.05002  -0.05031 0.0574626
4.06002  0.370501 0.057196
4.07002  0.227889 0.0569313
4.08002  0.891287 0.0566683
4.09002  0.904194 0.0564072
4.10002  1.32384 0.0561478
4.11002  1.80082 0.0558901
4.12002  1.68086 0.0556342
4.13002  2.37384 0.05538
4.14002  3.1843 0.0551275
4.15002  2.99871 0.0548767
4.16002  4.24032 0.0546276
4.17002  4.80447 0.0543801
4.18002  4.87965 0.0541343
4.19002  5.76792 0.0538901
4.20002  7.24416 0.0536476
4.21002  7.43585 0.0534066
4.22002  9.07922 0.0531672
4.23002  9.73217 0.0529294
4.24002  11.7176 0.0526932
4.25002  12.1223 0.0524585
4.26002  13.2877 0.0522254
4.27002  14.572 0.0519937
4.28002  16.3964 0.0517636
4.29002  17.3869 0.051535
4.30002  19.3263 0.0513079
4.31002  21.2863 0.0510822
4.32002  22.3752 0.050858
4.33002  24.2922 0.0506352
4.34002  25.4912 0.0504139
4.35002  28.4168 0.050194
4.36002  30.2529 0.0499755
4.37002  31.8134 0.0497584
4.38002  34.2729 0.0495427
4.39002  36.4323 0.0493284
4.40002  39.252 0.0491154
4.41003  41.1111 0.0489038
4.42003  44.6895 0.0486935
4.43003  45.9426 0.0484846
4.44003  48.2558 0.0482769
4.45003  50.2867 0.0480706
4.46003  54.5609 0.0478656
4.47003  56.7774 0.0476619
4.48003  59.0133 0.0474594
4.49003  61.6384 0.0472582
4.50003  63.9051 0.0470583
4.51003  67.5721 0.0468596
4.52003  69.6705 0.0466621
4.53003  71.7908 0.0464659
4.54003  75.5283 0.0462709
4.55003  77.281 0.0460771
4.56003  78.5866 0.0458845
4.57003  82.734 0.0456931
4.58003  84.6731 0.0455028
4.59003  86.7197 0.0453137
4.60003  90.2431 0.0451258
4.61003  90.5894 0.044939
4.62003  93.548 0.0447534
4.63003  95.6656 0.0445689
4.64003  94.3715 0.0443855
4.65003  96.761 0.0442032
4.66003  99.3315 0.0440221
4.67003  99.5668 0.043842
4.68003  100.239 0.043663
4.69003  101.903 0.0434851
4.70003  100.137 0.0433082
4.71003  101.098 0.0431325
4.72003  100.077 0.0429577
4.73003  100.727 0.042784
4.74003  98.8736 0.0426114
4.75003  97.8173 0.0424398
4.76003  95.5546 0.0422692
4.77003  94.3794 0.0420996
4.78003  91.3577 0.041931
4.79003  87.027 0.0417634
4.80003  83.539 0.0415968
4.81003  82.144 0.0414311
4.82003  77.1019 0.0412665
4.83003  73.34 0.0411028
4.84003  68.0975 0.0409401
4.85004  63.8251 0.0407783
4.86004  57.7124 0.0406175
4.87004  54.1816 0.0404576
4.88004  51.0322 0.0402986
4.89004  40.6652 0.0401406
4.90004  38.218 0.0399834
4.91004  35.4256 0.0398272
4.92004  29.1602 0.0396719
4.93004  22.6998 0.0395175
4.94004  15.9822 0.0393639
4.95004  10.939 0.0392113
4.96004  8.7511 0.0390595
4.97004  6.50607 0.0389086
4.98004  -1.69193 0.0387585
4.99004  0.367508 0.0386093
