1	1.00781	1	1
1	1.01562	1	1.0256
1	1.03906	1	1.0512
1	1.05469	1	1.0768
1	1.04688	1	1.1024
1	1.03125	1	1.128
1	1.07812	1	1.1536
1	1.10938	1	1.1792
1	1.09375	1	1.2048
1	1.0625	1	1.2304
1	1.14844	1	1.256
1	1.14062	1	1.2816
1	1.17188	1	1.3072
1	1.15625	1	1.3328
1	1.20312	1	1.3584
1	1.21875	1	1.384
1	1.1875	1	1.4096
1	1.125	1	1.4352
1	1.28125	1	1.4608
1	1.32812	1	1.4864
1	1.35938	1	1.512
1	1.34375	1	1.5376
1	1.3125	1	1.5632
1	1.4043	1	1.5888
1	1.40234	1	1.6144
1	1.39844	1	1.64
1	1.39062	1	1.6656
1	1.40625	1	1.6912
1	1.44922	1	1.7168
1	1.44531	1	1.7424
1	1.45312	1	1.768
1	1.47656	1	1.7936
1	1.48828	1	1.8192
1	1.49219	1	1.8448
1	1.48438	1	1.8704
1	1.46875	1	1.896
1	1.4375	1	1.9216
1	1.375	1	1.9472
1	1.25	1	1.9728
1	1.52344	1	1.9984
1	1.51562	1	2.024
1	1.53125	1	2.0496
1	1.59375	1	2.0752
1	1.5625	1	2.1008
1	1.67188	1	2.1264
1	1.65625	1	2.152
1	1.69531	1	2.1776
1	1.70312	1	2.2032
1	1.71875	1	2.2288
1	1.6875	1	2.2544
1	1.625	1	2.28
1	1.78125	1	2.3056
1	1.81641	1	2.33120000000001
1	1.82715	1	2.3568
1	1.82617	1	2.38240000000001
1	1.82422	1	2.40800000000001
1	1.82031	1	2.43360000000001
1	1.82812	1	2.45920000000001
1	1.84375	1	2.48480000000001
1	1.8125	1	2.51040000000001
1	1.90625	1	2.53600000000001
1	1.96875	1	2.56160000000001
1	1.9375	1	2.58720000000001
1	1.875	1	2.61280000000001
1	1.75	1	2.63840000000001
1	1.5	1	2.66400000000001
1	2.05078	1	2.68960000000001
1	2.05469	1	2.71520000000001
1	2.04688	1	2.74080000000001
1	2.03125	1	2.76640000000001
1	2.08594	1	2.79200000000001
1	2.07812	1	2.81760000000001
1	2.09766	1	2.84320000000001
1	2.10547	1	2.86880000000001
1	2.10156	1	2.89440000000001
1	2.10938	1	2.92000000000001
1	2.09375	1	2.94560000000001
1	2.0625	1	2.97120000000001
1	2.14062	1	2.99680000000001
1	2.17188		
1	2.15625		
1	2.20312		
1	2.23438		
1	2.21875		
1	2.1875		
1	2.125		
1	2.25391		
1	2.25781		
1	2.26953		
1	2.27344		
1	2.26562		
1	2.28516		
1	2.28906		
1	2.29688		
1	2.28125		
1	2.37109		
1	2.36719		
1	2.35938		
1	2.34375		
1	2.3125		
1	2.42969		
1	2.42188		
1	2.40625		
1	2.45312		
1	2.46875		
1	2.4375		
1	2.375		
1	2.25		
1	2.54688		
1	2.53125		
1	2.59766		
1	2.60156		
1	2.61719		
1	2.60938		
1	2.59375		
1	2.5625		
1	2.67188		
1	2.65625		
1	2.73438		
1	2.71875		
1	2.6875		
1	2.625		
1	2.78125		
1	2.86719		
1	2.85938		
1	2.84375		
1	2.8125		
1	2.91016		
1	2.91406		
1	2.92578		
1	2.92969		
1	2.92188		
1	2.90625		
1	2.96875		
1	2.9375		
1	2.875		
1	2.75		
1	2.5		
1	2		

