1	1.04274
1.001	1.02284
1.002	1.00284
1.003	0.982743
1.004	0.962555
1.005	0.942274
1.006	0.921901
1.007	0.901434
1.008	0.880872
1.009	0.860216
1.01	0.839467
1.011	0.818625
1.012	0.797686
1.013	0.776653
1.014	0.755528
1.015	0.734308
1.016	0.712991
1.017	0.69158
1.018	0.670076
1.019	0.648477
1.02	0.626781
1.021	0.60499
1.022	0.583105
1.023	0.561126
1.024	0.539049
1.025	0.516876
1.026	0.49461
1.027	0.472248
1.028	0.449788
1.029	0.427233
1.03	0.404583
1.031	0.381837
1.032	0.358994
1.033	0.336054
1.034	0.313019
1.035	0.289889
1.036	0.266659
1.037	0.243334
1.038	0.219913
1.039	0.196396
1.04	0.17278
1.041	0.149067
1.042	0.125259
1.043	0.101354
1.044	0.0773502
1.045	0.0532489
1.046	0.0290523
1.047	0.00475826
1.048	-0.0196351
1.049	-0.044126
1.05	-0.0687126
1.051	-0.0933968
1.052	-0.118181
1.053	-0.143062
1.054	-0.16804
1.055	-0.193115
1.056	-0.218291
1.057	-0.243564
1.058	-0.268934
1.059	-0.294402
1.06	-0.31997
1.061	-0.345636
1.062	-0.371399
1.063	-0.39726
1.064	-0.423222
1.065	-0.449282
1.066	-0.475439
1.067	-0.501695
1.068	-0.528051
1.069	-0.554506
1.07	-0.581058
1.071	-0.607708
1.072	-0.63446
1.073	-0.66131
1.074	-0.688258
1.075	-0.715304
1.076	-0.742452
1.077	-0.769699
1.078	-0.797043
1.079	-0.824486
1.08	-0.85203
1.081	-0.879674
1.082	-0.907415
1.083	-0.935255
1.084	-0.963197
1.085	-0.991239
1.086	-1.01938
1.087	-1.04762
1.088	-1.07596
1.089	-1.10439
1.09	-1.13293
1.091	-1.16157
1.092	-1.19031
1.093	-1.21914
1.094	-1.24808
1.095	-1.27712
1.096	-1.30625
1.097	-1.33549
1.098	-1.36482
1.099	-1.39426
1.1	-1.4238
1.101	-1.45343
1.102	-1.48317
1.103	-1.513
1.104	-1.54293
1.105	-1.57297
1.106	-1.6031
1.10701	-1.63334
1.10801	-1.66367
1.10901	-1.69411
1.11001	-1.72464
1.11101	-1.75527
1.11201	-1.78601
1.11301	-1.81684
1.11401	-1.84778
1.11501	-1.87881
1.11601	-1.90994
1.11701	-1.94118
1.11801	-1.97251
1.11901	-2.00394
1.12001	-2.03548
1.12101	-2.06711
1.12201	-2.09884
1.12301	-2.13068
1.12401	-2.16261
1.12501	-2.19464
1.12601	-2.22677
1.12701	-2.25901
1.12801	-2.29134
1.12901	-2.32377
1.13001	-2.3563
1.13101	-2.38893
1.13201	-2.42166
1.13301	-2.45449
1.13401	-2.48742
1.13501	-2.52045
1.13601	-2.55358
1.13701	-2.58681
1.13801	-2.62014
1.13901	-2.65356
1.14001	-2.68709
1.14101	-2.72072
1.14201	-2.75444
1.14301	-2.78827
1.14401	-2.82219
1.14501	-2.85622
1.14601	-2.89034
1.14701	-2.92456
1.14801	-2.95888
1.14901	-2.9933
1.15001	-3.02782
1.15101	-3.06244
1.15201	-3.09715
1.15301	-3.13197
1.15401	-3.16688
1.15501	-3.2019
1.15601	-3.23701
1.15701	-3.27222
1.15801	-3.30753
1.15901	-3.34293
1.16001	-3.37844
1.16101	-3.41404
1.16201	-3.44974
1.16301	-3.48554
1.16401	-3.52144
1.16501	-3.55744
1.16601	-3.59353
1.16701	-3.62972
1.16801	-3.66601
1.16901	-3.7024
1.17001	-3.73889
1.17101	-3.77547
1.17201	-3.81215
1.17301	-3.84893
1.17401	-3.8858
1.17501	-3.92277
1.17601	-3.95984
1.17701	-3.99701
1.17801	-4.03427
1.17901	-4.07163
1.18001	-4.10908
1.18101	-4.14664
1.18201	-4.18429
1.18301	-4.22203
1.18401	-4.25987
1.18501	-4.29781
1.18601	-4.33585
1.18701	-4.37398
1.18801	-4.4122
1.18901	-4.45053
1.19001	-4.48894
1.19101	-4.52745
1.19201	-4.56606
1.19301	-4.60477
1.19401	-4.64357
1.19501	-4.68246
1.19601	-4.72145
1.19701	-4.76053
1.19801	-4.79971
1.19901	-4.83898
1.20001	-4.87835
1.20101	-4.91781
1.20201	-4.95737
1.20301	-4.99701
1.20401	-5.03676
1.20501	-5.0766
1.20601	-5.11653
1.20701	-5.15655
1.20801	-5.19667
1.20901	-5.23688
1.21001	-5.27718
1.21101	-5.31757
1.21201	-5.35806
1.21301	-5.39864
1.21401	-5.43932
1.21501	-5.48008
1.21601	-5.52094
1.21701	-5.56189
1.21801	-5.60293
1.21901	-5.64406
1.22001	-5.68529
1.22101	-5.7266
1.22201	-5.76801
1.22301	-5.8095
1.22401	-5.85109
1.22501	-5.89277
1.22601	-5.93454
1.22701	-5.97639
1.22801	-6.01834
1.22901	-6.06038
1.23001	-6.10251
1.23101	-6.14472
1.23201	-6.18703
1.23301	-6.22943
1.23401	-6.27191
1.23501	-6.31448
1.23601	-6.35714
1.23701	-6.39989
1.23801	-6.44273
1.23901	-6.48565
1.24001	-6.52866
1.24101	-6.57177
1.24201	-6.61495
1.24301	-6.65822
1.24401	-6.70159
1.24501	-6.74503
1.24601	-6.78857
1.24701	-6.83218
1.24801	-6.87589
1.24901	-6.91968
1.25001	-6.96355
1.25101	-7.00751
1.25201	-7.05156
1.25301	-7.09569
1.25401	-7.13991
1.25501	-7.18421
1.25601	-7.22859
1.25701	-7.27306
1.25801	-7.31761
1.25901	-7.36224
1.26001	-7.40696
1.26101	-7.45176
1.26201	-7.49664
1.26301	-7.5416
1.26401	-7.58665
1.26501	-7.63178
1.26601	-7.67699
1.26701	-7.72228
1.26801	-7.76765
1.26901	-7.8131
1.27001	-7.85863
1.27101	-7.90425
1.27201	-7.94994
1.27301	-7.99571
1.27401	-8.04156
1.27501	-8.08749
1.27601	-8.1335
1.27701	-8.17959
1.27801	-8.22576
1.27901	-8.272
1.28001	-8.31832
1.28101	-8.36472
1.28201	-8.41119
1.28301	-8.45775
1.28401	-8.50438
1.28501	-8.55108
1.28601	-8.59786
1.28701	-8.64472
1.28801	-8.69165
1.28901	-8.73866
1.29001	-8.78574
1.29101	-8.83289
1.29201	-8.88012
1.29301	-8.92742
1.29401	-8.9748
1.29501	-9.02225
1.29601	-9.06977
1.29701	-9.11736
1.29801	-9.16503
1.29901	-9.21276
1.30001	-9.26057
1.30101	-9.30846
1.30201	-9.3564
1.30301	-9.40442
1.30401	-9.45252
1.30501	-9.50068
1.30601	-9.54891
1.30701	-9.5972
1.30801	-9.64557
1.30901	-9.69401
1.31001	-9.74251
1.31101	-9.79108
1.31201	-9.83972
1.31301	-9.88842
1.31401	-9.93719
1.31501	-9.98603
1.31601	-10.0349
1.31701	-10.0839
1.31801	-10.1329
1.31901	-10.182
1.32001	-10.2312
1.32102	-10.2804
1.32202	-10.3297
1.32302	-10.3791
1.32402	-10.4285
1.32502	-10.4779
1.32602	-10.5275
1.32702	-10.5771
1.32802	-10.6267
1.32902	-10.6765
1.33002	-10.7262
1.33102	-10.7761
1.33202	-10.826
1.33302	-10.876
1.33402	-10.926
1.33502	-10.976
1.33602	-11.0262
1.33702	-11.0764
1.33802	-11.1266
1.33902	-11.1769
1.34002	-11.2273
1.34102	-11.2777
1.34202	-11.3282
1.34302	-11.3787
1.34402	-11.4293
1.34502	-11.4799
1.34602	-11.5306
1.34702	-11.5813
1.34802	-11.6321
1.34902	-11.683
1.35002	-11.7339
1.35102	-11.7848
1.35202	-11.8358
1.35302	-11.8869
1.35402	-11.938
1.35502	-11.9891
1.35602	-12.0403
1.35702	-12.0916
1.35802	-12.1429
1.35902	-12.1942
1.36002	-12.2456
1.36102	-12.297
1.36202	-12.3485
1.36302	-12.4
1.36402	-12.4516
1.36502	-12.5032
1.36602	-12.5549
1.36702	-12.6066
1.36802	-12.6583
1.36902	-12.7101
1.37002	-12.7619
1.37102	-12.8138
1.37202	-12.8657
1.37302	-12.9177
1.37402	-12.9697
1.37502	-13.0217
1.37602	-13.0738
1.37702	-13.1259
1.37802	-13.178
1.37902	-13.2302
1.38002	-13.2824
1.38102	-13.3347
1.38202	-13.387
1.38302	-13.4393
1.38402	-13.4917
1.38502	-13.5441
1.38602	-13.5965
1.38702	-13.649
1.38802	-13.7015
1.38902	-13.754
1.39002	-13.8065
1.39102	-13.8591
1.39202	-13.9118
1.39302	-13.9644
1.39402	-14.0171
1.39502	-14.0698
1.39602	-14.1225
1.39702	-14.1753
1.39802	-14.2281
1.39902	-14.2809
1.40002	-14.3337
1.40102	-14.3866
1.40202	-14.4395
1.40302	-14.4924
1.40402	-14.5454
1.40502	-14.5983
1.40602	-14.6513
1.40702	-14.7043
1.40802	-14.7573
1.40902	-14.8104
1.41002	-14.8635
1.41102	-14.9165
1.41202	-14.9696
1.41302	-15.0228
1.41402	-15.0759
1.41502	-15.1291
1.41602	-15.1822
1.41702	-15.2354
1.41802	-15.2886
1.41902	-15.3418
1.42002	-15.3951
1.42102	-15.4483
1.42202	-15.5016
1.42302	-15.5548
1.42402	-15.6081
1.42502	-15.6614
1.42602	-15.7147
1.42702	-15.768
1.42802	-15.8213
1.42902	-15.8746
1.43002	-15.9279
1.43102	-15.9813
1.43202	-16.0346
1.43302	-16.088
1.43402	-16.1413
1.43502	-16.1947
1.43602	-16.248
1.43702	-16.3014
1.43802	-16.3547
1.43902	-16.4081
1.44002	-16.4615
1.44102	-16.5148
1.44202	-16.5682
1.44302	-16.6215
1.44402	-16.6749
1.44502	-16.7282
1.44602	-16.7816
1.44702	-16.8349
1.44802	-16.8883
1.44902	-16.9416
1.45002	-16.9949
1.45102	-17.0482
1.45202	-17.1015
1.45302	-17.1548
1.45402	-17.2081
1.45502	-17.2614
1.45602	-17.3146
1.45702	-17.3679
1.45802	-17.4211
1.45902	-17.4744
1.46002	-17.5276
1.46102	-17.5808
1.46202	-17.634
1.46302	-17.6871
1.46402	-17.7403
1.46502	-17.7934
1.46602	-17.8465
1.46702	-17.8996
1.46802	-17.9527
1.46902	-18.0057
1.47002	-18.0588
1.47102	-18.1118
1.47202	-18.1647
1.47302	-18.2177
1.47402	-18.2706
1.47502	-18.3235
1.47602	-18.3764
1.47702	-18.4293
1.47802	-18.4821
1.47902	-18.5349
1.48002	-18.5877
1.48102	-18.6404
1.48202	-18.6931
1.48302	-18.7458
1.48402	-18.7984
1.48502	-18.851
1.48602	-18.9036
1.48702	-18.9561
1.48802	-19.0086
1.48902	-19.0611
1.49002	-19.1135
1.49102	-19.1659
1.49202	-19.2182
1.49302	-19.2705
1.49402	-19.3228
1.49502	-19.375
1.49602	-19.4272
1.49702	-19.4793
1.49802	-19.5314
1.49902	-19.5834
1.50002	-19.6354
1.50102	-19.6874
1.50202	-19.7393
1.50302	-19.7911
1.50402	-19.8429
1.50502	-19.8947
1.50602	-19.9464
1.50702	-19.998
1.50802	-20.0496
1.50902	-20.1012
1.51002	-20.1526
1.51102	-20.2041
1.51202	-20.2554
1.51302	-20.3067
1.51402	-20.358
1.51502	-20.4092
1.51602	-20.4603
1.51702	-20.5114
1.51802	-20.5624
1.51902	-20.6133
1.52002	-20.6642
1.52102	-20.715
1.52202	-20.7658
1.52302	-20.8165
1.52402	-20.8671
1.52502	-20.9176
1.52602	-20.9681
1.52702	-21.0185
1.52802	-21.0688
1.52902	-21.1191
1.53002	-21.1693
1.53102	-21.2194
1.53202	-21.2694
1.53302	-21.3194
1.53402	-21.3692
1.53503	-21.4191
1.53603	-21.4688
1.53703	-21.5184
1.53803	-21.568
1.53903	-21.6175
1.54003	-21.6669
1.54103	-21.7162
1.54203	-21.7654
1.54303	-21.8145
1.54403	-21.8636
1.54503	-21.9125
1.54603	-21.9614
1.54703	-22.0102
1.54803	-22.0589
1.54903	-22.1075
1.55003	-22.156
1.55103	-22.2044
1.55203	-22.2527
1.55303	-22.301
1.55403	-22.3491
1.55503	-22.3971
1.55603	-22.445
1.55703	-22.4929
1.55803	-22.5406
1.55903	-22.5882
1.56003	-22.6357
1.56103	-22.6832
1.56203	-22.7305
1.56303	-22.7777
1.56403	-22.8248
1.56503	-22.8718
1.56603	-22.9186
1.56703	-22.9654
1.56803	-23.0121
1.56903	-23.0586
1.57003	-23.105
1.57103	-23.1514
1.57203	-23.1975
1.57303	-23.2436
1.57403	-23.2896
1.57503	-23.3354
1.57603	-23.3812
1.57703	-23.4268
1.57803	-23.4722
1.57903	-23.5176
1.58003	-23.5628
1.58103	-23.6079
1.58203	-23.6529
1.58303	-23.6978
1.58403	-23.7425
1.58503	-23.7871
1.58603	-23.8316
1.58703	-23.8759
1.58803	-23.9201
1.58903	-23.9641
1.59003	-24.0081
1.59103	-24.0519
1.59203	-24.0955
1.59303	-24.139
1.59403	-24.1824
1.59503	-24.2256
1.59603	-24.2687
1.59703	-24.3117
1.59803	-24.3545
1.59903	-24.3971
1.60003	-24.4396
1.60103	-24.482
1.60203	-24.5242
1.60303	-24.5663
1.60403	-24.6082
1.60503	-24.6499
1.60603	-24.6915
1.60703	-24.733
1.60803	-24.7743
1.60903	-24.8154
1.61003	-24.8564
1.61103	-24.8972
1.61203	-24.9379
1.61303	-24.9784
1.61403	-25.0187
1.61503	-25.0589
1.61603	-25.0989
1.61703	-25.1387
1.61803	-25.1784
1.61903	-25.2179
1.62003	-25.2572
1.62103	-25.2963
1.62203	-25.3353
1.62303	-25.3741
1.62403	-25.4128
1.62503	-25.4512
1.62603	-25.4895
1.62703	-25.5276
1.62803	-25.5655
1.62903	-25.6033
1.63003	-25.6408
1.63103	-25.6782
1.63203	-25.7154
1.63303	-25.7524
1.63403	-25.7892
1.63503	-25.8259
1.63603	-25.8623
1.63703	-25.8986
1.63803	-25.9346
1.63903	-25.9705
1.64003	-26.0062
1.64103	-26.0416
1.64203	-26.0769
1.64303	-26.112
1.64403	-26.1469
1.64503	-26.1815
1.64603	-26.216
1.64703	-26.2503
1.64803	-26.2844
1.64903	-26.3182
1.65003	-26.3519
1.65103	-26.3853
1.65203	-26.4186
1.65303	-26.4516
1.65403	-26.4844
1.65503	-26.517
1.65603	-26.5494
1.65703	-26.5816
1.65803	-26.6135
1.65903	-26.6452
1.66003	-26.6768
1.66103	-26.7081
1.66203	-26.7391
1.66303	-26.77
1.66403	-26.8006
1.66503	-26.831
1.66603	-26.8612
1.66703	-26.8911
1.66803	-26.9208
1.66903	-26.9503
1.67003	-26.9795
1.67103	-27.0085
1.67203	-27.0373
1.67303	-27.0658
1.67403	-27.0941
1.67503	-27.1222
1.67603	-27.15
1.67703	-27.1776
1.67803	-27.2049
1.67903	-27.232
1.68003	-27.2589
1.68103	-27.2854
1.68203	-27.3118
1.68303	-27.3379
1.68403	-27.3637
1.68503	-27.3893
1.68603	-27.4147
1.68703	-27.4397
1.68803	-27.4646
1.68903	-27.4891
1.69003	-27.5134
1.69103	-27.5375
1.69203	-27.5613
1.69303	-27.5848
1.69403	-27.608
1.69503	-27.631
1.69603	-27.6537
1.69703	-27.6762
1.69803	-27.6984
1.69903	-27.7203
1.70003	-27.7419
1.70103	-27.7633
1.70203	-27.7844
1.70303	-27.8052
1.70403	-27.8257
1.70503	-27.8459
1.70603	-27.8659
1.70703	-27.8856
1.70803	-27.905
1.70903	-27.9241
1.71003	-27.9429
1.71103	-27.9615
1.71203	-27.9797
1.71303	-27.9977
1.71403	-28.0153
1.71503	-28.0327
1.71603	-28.0498
1.71703	-28.0665
1.71803	-28.083
1.71903	-28.0992
1.72003	-28.1151
1.72103	-28.1306
1.72203	-28.1459
1.72303	-28.1609
1.72403	-28.1755
1.72503	-28.1899
1.72603	-28.2039
1.72703	-28.2176
1.72803	-28.2311
1.72903	-28.2442
1.73003	-28.2569
1.73103	-28.2694
1.73203	-28.2816
1.73303	-28.2934
1.73403	-28.3049
1.73503	-28.3161
1.73603	-28.327
1.73703	-28.3375
1.73803	-28.3477
1.73903	-28.3576
1.74003	-28.3671
1.74103	-28.3764
1.74203	-28.3853
1.74303	-28.3938
1.74403	-28.402
1.74503	-28.4099
1.74603	-28.4174
1.74703	-28.4247
1.74803	-28.4315
1.74904	-28.438
1.75004	-28.4442
1.75104	-28.45
1.75204	-28.4555
1.75304	-28.4607
1.75404	-28.4654
1.75504	-28.4699
1.75604	-28.474
1.75704	-28.4777
1.75804	-28.481
1.75904	-28.4841
1.76004	-28.4867
1.76104	-28.489
1.76204	-28.4909
1.76304	-28.4925
1.76404	-28.4937
1.76504	-28.4945
1.76604	-28.495
1.76704	-28.4951
1.76804	-28.4948
1.76904	-28.4942
1.77004	-28.4931
1.77104	-28.4918
1.77204	-28.49
1.77304	-28.4878
1.77404	-28.4853
1.77504	-28.4824
1.77604	-28.4791
1.77704	-28.4754
1.77804	-28.4713
1.77904	-28.4669
1.78004	-28.4621
1.78104	-28.4568
1.78204	-28.4512
1.78304	-28.4452
1.78404	-28.4388
1.78504	-28.432
1.78604	-28.4248
1.78704	-28.4172
1.78804	-28.4092
1.78904	-28.4008
1.79004	-28.392
1.79104	-28.3827
1.79204	-28.3731
1.79304	-28.3631
1.79404	-28.3526
1.79504	-28.3418
1.79604	-28.3305
1.79704	-28.3189
1.79804	-28.3068
1.79904	-28.2943
1.80004	-28.2813
1.80104	-28.268
1.80204	-28.2542
1.80304	-28.24
1.80404	-28.2254
1.80504	-28.2103
1.80604	-28.1949
1.80704	-28.179
1.80804	-28.1626
1.80904	-28.1459
1.81004	-28.1287
1.81104	-28.111
1.81204	-28.093
1.81304	-28.0745
1.81404	-28.0555
1.81504	-28.0361
1.81604	-28.0163
1.81704	-27.996
1.81804	-27.9753
1.81904	-27.9541
1.82004	-27.9325
1.82104	-27.9104
1.82204	-27.8879
1.82304	-27.8649
1.82404	-27.8415
1.82504	-27.8176
1.82604	-27.7932
1.82704	-27.7684
1.82804	-27.7432
1.82904	-27.7174
1.83004	-27.6912
1.83104	-27.6646
1.83204	-27.6375
1.83304	-27.6099
1.83404	-27.5818
1.83504	-27.5533
1.83604	-27.5242
1.83704	-27.4947
1.83804	-27.4648
1.83904	-27.4344
1.84004	-27.4034
1.84104	-27.372
1.84204	-27.3401
1.84304	-27.3078
1.84404	-27.2749
1.84504	-27.2416
1.84604	-27.2078
1.84704	-27.1734
1.84804	-27.1386
1.84904	-27.1033
1.85004	-27.0675
1.85104	-27.0312
1.85204	-26.9944
1.85304	-26.9571
1.85404	-26.9194
1.85504	-26.8811
1.85604	-26.8423
1.85704	-26.8029
1.85804	-26.7631
1.85904	-26.7228
1.86004	-26.682
1.86104	-26.6407
1.86204	-26.5988
1.86304	-26.5564
1.86404	-26.5136
1.86504	-26.4702
1.86604	-26.4262
1.86704	-26.3818
1.86804	-26.3368
1.86904	-26.2914
1.87004	-26.2454
1.87104	-26.1988
1.87204	-26.1518
1.87304	-26.1042
1.87404	-26.056
1.87504	-26.0074
1.87604	-25.9582
1.87704	-25.9085
1.87804	-25.8582
1.87904	-25.8074
1.88004	-25.7561
1.88104	-25.7042
1.88204	-25.6518
1.88304	-25.5988
1.88404	-25.5453
1.88504	-25.4912
1.88604	-25.4366
1.88704	-25.3815
1.88804	-25.3258
1.88904	-25.2695
1.89004	-25.2127
1.89104	-25.1553
1.89204	-25.0974
1.89304	-25.0389
1.89404	-24.9798
1.89504	-24.9202
1.89604	-24.86
1.89704	-24.7993
1.89804	-24.738
1.89904	-24.6761
1.90004	-24.6137
1.90104	-24.5506
1.90204	-24.4871
1.90304	-24.4229
1.90404	-24.3581
1.90504	-24.2928
1.90604	-24.2269
1.90704	-24.1605
1.90804	-24.0934
1.90904	-24.0258
1.91004	-23.9576
1.91104	-23.8887
1.91204	-23.8193
1.91304	-23.7494
1.91404	-23.6788
1.91504	-23.6076
1.91604	-23.5359
1.91704	-23.4635
1.91804	-23.3906
1.91904	-23.317
1.92004	-23.2429
1.92104	-23.1681
1.92204	-23.0928
1.92304	-23.0168
1.92404	-22.9403
1.92504	-22.8631
1.92604	-22.7854
1.92704	-22.707
1.92804	-22.628
1.92904	-22.5484
1.93004	-22.4682
1.93104	-22.3874
1.93204	-22.306
1.93304	-22.2239
1.93404	-22.1412
1.93504	-22.0579
1.93604	-21.974
1.93704	-21.8895
1.93804	-21.8043
1.93904	-21.7185
1.94004	-21.6321
1.94104	-21.5451
1.94204	-21.4574
1.94304	-21.3691
1.94404	-21.2802
1.94504	-21.1906
1.94604	-21.1004
1.94704	-21.0096
1.94804	-20.9181
1.94904	-20.826
1.95004	-20.7332
1.95104	-20.6398
1.95204	-20.5458
1.95304	-20.4511
1.95404	-20.3558
1.95504	-20.2598
1.95604	-20.1632
1.95704	-20.0659
1.95804	-19.968
1.95904	-19.8694
1.96004	-19.7702
1.96104	-19.6703
1.96204	-19.5697
1.96305	-19.4685
1.96405	-19.3667
1.96505	-19.2641
1.96605	-19.161
1.96705	-19.0571
1.96805	-18.9526
1.96905	-18.8474
1.97005	-18.7415
1.97105	-18.635
1.97205	-18.5279
1.97305	-18.42
1.97405	-18.3115
1.97505	-18.2023
1.97605	-18.0924
1.97705	-17.9818
1.97805	-17.8706
1.97905	-17.7587
1.98005	-17.6461
1.98105	-17.5328
1.98205	-17.4189
1.98305	-17.3043
1.98405	-17.1889
1.98505	-17.0729
1.98605	-16.9562
1.98705	-16.8389
1.98805	-16.7208
1.98905	-16.602
1.99005	-16.4826
1.99105	-16.3624
1.99205	-16.2416
1.99305	-16.12
1.99405	-15.9978
1.99505	-15.8748
1.99605	-15.7512
1.99705	-15.6269
1.99805	-15.5018
1.99905	-15.3761
2.00005	-15.2496
2.00105	-15.1225
2.00205	-14.9947
2.00305	-14.8661
2.00405	-14.7369
2.00505	-14.6069
2.00605	-14.4762
2.00705	-14.3448
2.00805	-14.2127
2.00905	-14.0799
2.01005	-13.9464
2.01105	-13.8121
2.01205	-13.6771
2.01305	-13.5414
2.01405	-13.405
2.01505	-13.2679
2.01605	-13.13
2.01705	-12.9915
2.01805	-12.8522
2.01905	-12.7121
2.02005	-12.5714
2.02105	-12.4299
2.02205	-12.2877
2.02305	-12.1448
2.02404	-12.0011
2.02504	-11.8567
2.02604	-11.7115
2.02704	-11.5657
2.02804	-11.4191
2.02904	-11.2717
2.03004	-11.1236
2.03104	-10.9748
2.03204	-10.8253
2.03304	-10.675
2.03404	-10.5239
2.03504	-10.3721
2.03604	-10.2196
2.03704	-10.0663
2.03804	-9.91233
2.03904	-9.75757
2.04004	-9.60206
2.04104	-9.4458
2.04204	-9.2888
2.04304	-9.13104
2.04404	-8.97253
2.04504	-8.81327
2.04604	-8.65326
2.04704	-8.49249
2.04804	-8.33097
2.04904	-8.16869
2.05004	-8.00566
2.05104	-7.84187
2.05204	-7.67731
2.05304	-7.512
2.05404	-7.34593
2.05504	-7.1791
2.05604	-7.01151
2.05704	-6.84315
2.05804	-6.67403
2.05904	-6.50415
2.06004	-6.3335
2.06104	-6.16208
2.06204	-5.98989
2.06304	-5.81694
2.06404	-5.64322
2.06504	-5.46873
2.06604	-5.29347
2.06704	-5.11743
2.06804	-4.94063
2.06904	-4.76305
2.07004	-4.5847
2.07104	-4.40557
2.07204	-4.22567
2.07304	-4.04499
2.07404	-3.86354
2.07504	-3.6813
2.07604	-3.49829
2.07704	-3.3145
2.07804	-3.12993
2.07904	-2.94458
2.08004	-2.75845
2.08104	-2.57154
2.08204	-2.38385
2.08304	-2.19537
2.08404	-2.0061
2.08504	-1.81606
2.08604	-1.62522
2.08704	-1.43361
2.08804	-1.2412
2.08904	-1.04801
2.09004	-0.854029
2.09104	-0.65926
2.09204	-0.463702
2.09304	-0.267354
2.09404	-0.070216
2.09504	0.127713
2.09604	0.326434
2.09704	0.525947
2.09804	0.726252
2.09904	0.927351
2.10004	1.12924
2.10104	1.33193
2.10204	1.53541
2.10304	1.73969
2.10404	1.94477
2.10504	2.15064
2.10604	2.3573
2.10704	2.56477
2.10804	2.77303
2.10904	2.98209
2.11004	3.19195
2.11104	3.40261
2.11204	3.61407
2.11304	3.82633
2.11404	4.03939
2.11504	4.25326
2.11604	4.46792
2.11704	4.68339
2.11804	4.89966
2.11904	5.11673
2.12004	5.3346
2.12104	5.55328
2.12204	5.77276
2.12304	5.99305
2.12404	6.21414
2.12504	6.43604
2.12604	6.65874
2.12704	6.88225
2.12804	7.10657
2.12904	7.33169
2.13004	7.55762
2.13104	7.78435
2.13204	8.01189
2.13304	8.24024
2.13404	8.4694
2.13504	8.69937
2.13604	8.93014
2.13704	9.16172
2.13804	9.39411
2.13904	9.62731
2.14004	9.86132
2.14104	10.0961
2.14204	10.3318
2.14304	10.5682
2.14404	10.8055
2.14504	11.0435
2.14604	11.2824
2.14704	11.5221
2.14804	11.7626
2.14904	12.0039
2.15004	12.246
2.15104	12.4889
2.15204	12.7326
2.15304	12.9772
2.15404	13.2225
2.15504	13.4687
2.15604	13.7157
2.15704	13.9634
2.15804	14.212
2.15904	14.4615
2.16004	14.7117
2.16104	14.9627
2.16203	15.2146
2.16303	15.4672
2.16403	15.7207
2.16503	15.975
2.16603	16.23
2.16703	16.4859
2.16803	16.7427
2.16903	17.0002
2.17003	17.2585
2.17103	17.5176
2.17203	17.7776
2.17303	18.0384
2.17403	18.2999
2.17503	18.5623
2.17603	18.8255
2.17703	19.0895
2.17803	19.3543
2.17903	19.6199
2.18003	19.8864
2.18103	20.1536
2.18203	20.4217
2.18303	20.6905
2.18403	20.9602
2.18503	21.2307
2.18603	21.5019
2.18703	21.774
2.18803	22.0469
2.18903	22.3206
2.19003	22.5951
2.19103	22.8704
2.19203	23.1465
2.19303	23.4235
2.19403	23.7012
2.19503	23.9797
2.19603	24.2591
2.19703	24.5392
2.19803	24.8201
2.19903	25.1019
2.20003	25.3844
2.20103	25.6678
2.20203	25.9519
2.20303	26.2369
2.20403	26.5226
2.20503	26.8092
2.20603	27.0965
2.20703	27.3847
2.20803	27.6736
2.20903	27.9634
2.21003	28.2539
2.21103	28.5453
2.21203	28.8374
2.21303	29.1303
2.21403	29.424
2.21503	29.7186
2.21603	30.0139
2.21703	30.31
2.21803	30.6069
2.21903	30.9046
2.22003	31.203
2.22103	31.5023
2.22203	31.8024
2.22303	32.1032
2.22403	32.4048
2.22503	32.7072
2.22603	33.0105
2.22703	33.3144
2.22803	33.6192
2.22903	33.9248
2.23003	34.2311
2.23103	34.5382
2.23203	34.8461
2.23303	35.1548
2.23403	35.4643
2.23503	35.7745
2.23603	36.0856
2.23703	36.3973
2.23803	36.7099
2.23903	37.0233
2.24003	37.3374
2.24103	37.6523
2.24203	37.9679
2.24303	38.2844
2.24403	38.6016
2.24503	38.9195
2.24603	39.2383
2.24703	39.5578
2.24803	39.8781
2.24903	40.1991
2.25003	40.5209
2.25103	40.8435
2.25203	41.1668
2.25303	41.4909
2.25403	41.8157
2.25503	42.1413
2.25603	42.4676
2.25703	42.7948
2.25803	43.1226
2.25903	43.4512
2.26003	43.7806
2.26103	44.1107
2.26203	44.4416
2.26303	44.7732
2.26403	45.1055
2.26503	45.4386
2.26603	45.7725
2.26703	46.1071
2.26803	46.4424
2.26903	46.7785
2.27003	47.1153
2.27103	47.4528
2.27203	47.7911
2.27303	48.1301
2.27403	48.4698
2.27503	48.8103
2.27603	49.1515
2.27703	49.4934
2.27803	49.836
2.27903	50.1794
2.28003	50.5235
2.28103	50.8683
2.28203	51.2139
2.28303	51.5601
2.28403	51.9071
2.28503	52.2548
2.28603	52.6032
2.28703	52.9523
2.28803	53.3021
2.28903	53.6526
2.29003	54.0039
2.29103	54.3558
2.29203	54.7084
2.29303	55.0618
2.29403	55.4158
2.29503	55.7706
2.29603	56.126
2.29703	56.4821
2.29803	56.8389
2.29903	57.1964
2.30002	57.5546
2.30102	57.9135
2.30202	58.2731
2.30302	58.6333
2.30402	58.9943
2.30502	59.3559
2.30602	59.7181
2.30702	60.0811
2.30802	60.4447
2.30902	60.809
2.31002	61.174
2.31102	61.5396
2.31202	61.9059
2.31302	62.2729
2.31402	62.6405
2.31502	63.0088
2.31602	63.3777
2.31702	63.7473
2.31802	64.1175
2.31902	64.4884
2.32002	64.8599
2.32102	65.2321
2.32202	65.6049
2.32302	65.9784
2.32402	66.3525
2.32502	66.7272
2.32602	67.1025
2.32702	67.4785
2.32802	67.8552
2.32902	68.2324
2.33002	68.6103
2.33102	68.9888
2.33202	69.3679
2.33302	69.7476
2.33402	70.1279
2.33502	70.5089
2.33602	70.8904
2.33702	71.2726
2.33802	71.6553
2.33902	72.0387
2.34002	72.4227
2.34102	72.8072
2.34202	73.1924
2.34302	73.5781
2.34402	73.9645
2.34502	74.3514
2.34602	74.7389
2.34702	75.1269
2.34802	75.5156
2.34902	75.9048
2.35002	76.2946
2.35102	76.685
2.35202	77.0759
2.35302	77.4674
2.35402	77.8595
2.35502	78.2521
2.35602	78.6453
2.35702	79.039
2.35802	79.4332
2.35902	79.828
2.36002	80.2234
2.36102	80.6193
2.36202	81.0157
2.36302	81.4127
2.36402	81.8102
2.36502	82.2082
2.36602	82.6068
2.36702	83.0058
2.36802	83.4054
2.36902	83.8055
2.37002	84.2061
2.37102	84.6073
2.37202	85.0089
2.37302	85.411
2.37402	85.8137
2.37502	86.2168
2.37602	86.6204
2.37702	87.0245
2.37802	87.4291
2.37902	87.8342
2.38002	88.2397
2.38102	88.6458
2.38202	89.0523
2.38302	89.4593
2.38402	89.8667
2.38502	90.2746
2.38602	90.683
2.38702	91.0918
2.38802	91.5011
2.38902	91.9108
2.39002	92.3209
2.39102	92.7315
2.39202	93.1426
2.39302	93.5541
2.39402	93.966
2.39502	94.3783
2.39602	94.7911
2.39702	95.2042
2.39802	95.6179
2.39902	96.0318
2.40002	96.4463
2.40102	96.8611
2.40202	97.2763
2.40302	97.6919
2.40402	98.1079
2.40502	98.5243
2.40602	98.9411
2.40702	99.3583
2.40802	99.7758
2.40902	100.194
2.41002	100.612
2.41102	101.031
2.41202	101.45
2.41302	101.869
2.41402	102.289
2.41502	102.709
2.41602	103.129
2.41702	103.55
2.41802	103.971
2.41902	104.393
2.42002	104.814
2.42102	105.237
2.42202	105.659
2.42302	106.082
2.42402	106.505
2.42502	106.928
2.42602	107.352
2.42702	107.776
2.42802	108.2
2.42902	108.624
2.43002	109.049
2.43102	109.474
2.43202	109.9
2.43302	110.325
2.43402	110.751
2.43502	111.178
2.43602	111.604
2.43702	112.031
2.43801	112.458
2.43901	112.885
2.44001	113.312
2.44101	113.74
2.44201	114.168
2.44301	114.596
2.44401	115.024
2.44501	115.453
2.44601	115.882
2.44701	116.311
2.44801	116.74
2.44901	117.17
2.45001	117.599
2.45101	118.029
2.45201	118.459
2.45301	118.889
2.45401	119.319
2.45501	119.75
2.45601	120.181
2.45701	120.612
2.45801	121.043
2.45901	121.474
2.46001	121.905
2.46101	122.336
2.46201	122.768
2.46301	123.2
2.46401	123.631
2.46501	124.063
2.46601	124.495
2.46701	124.928
2.46801	125.36
2.46901	125.792
2.47001	126.225
2.47101	126.657
2.47201	127.09
2.47301	127.523
2.47401	127.956
2.47501	128.388
2.47601	128.821
2.47701	129.254
2.47801	129.687
2.47901	130.12
2.48001	130.554
2.48101	130.987
2.48201	131.42
2.48301	131.853
2.48401	132.286
2.48501	132.72
2.48601	133.153
2.48701	133.586
2.48801	134.019
2.48901	134.453
2.49001	134.886
2.49101	135.319
2.49201	135.752
2.49301	136.185
2.49401	136.619
2.49501	137.052
2.49601	137.485
2.49701	137.918
2.49801	138.35
2.49901	138.783
2.50001	139.216
2.50101	139.649
2.50201	140.081
2.50301	140.514
2.50401	140.946
2.50501	141.379
2.50601	141.811
2.50701	142.243
2.50801	142.675
2.50901	143.107
2.51001	143.538
2.51101	143.97
2.51201	144.401
2.51301	144.833
2.51401	145.264
2.51501	145.695
2.51601	146.126
2.51701	146.556
2.51801	146.987
2.51901	147.417
2.52001	147.847
2.52101	148.277
2.52201	148.706
2.52301	149.136
2.52401	149.565
2.52501	149.994
2.52601	150.423
2.52701	150.851
2.52801	151.279
2.52901	151.707
2.53001	152.135
2.53101	152.562
2.53201	152.99
2.53301	153.416
2.53401	153.843
2.53501	154.269
2.53601	154.695
2.53701	155.121
2.53801	155.547
2.53901	155.972
2.54001	156.396
2.54101	156.821
2.54201	157.245
2.54301	157.669
2.54401	158.092
2.54501	158.515
2.54601	158.938
2.54701	159.36
2.54801	159.782
2.54901	160.203
2.55001	160.624
2.55101	161.045
2.55201	161.465
2.55301	161.885
2.55401	162.305
2.55501	162.723
2.55601	163.142
2.55701	163.56
2.55801	163.978
2.55901	164.395
2.56001	164.812
2.56101	165.228
2.56201	165.644
2.56301	166.059
2.56401	166.474
2.56501	166.888
2.56601	167.302
2.56701	167.715
2.56801	168.128
2.56901	168.54
2.57001	168.952
2.57101	169.363
2.57201	169.773
2.57301	170.183
2.57401	170.592
2.57501	171.001
2.576	171.409
2.577	171.817
2.578	172.224
2.579	172.63
2.58	173.036
2.581	173.441
2.582	173.846
2.583	174.25
2.584	174.653
2.585	175.056
2.586	175.457
2.587	175.859
2.588	176.259
2.589	176.659
2.59	177.058
2.591	177.457
2.592	177.854
2.593	178.251
2.594	178.648
2.595	179.043
2.596	179.438
2.597	179.832
2.598	180.225
2.599	180.618
2.6	181.009
2.601	181.4
2.602	181.791
2.603	182.18
2.604	182.568
2.605	182.956
2.606	183.343
2.607	183.729
2.608	184.114
2.609	184.499
2.61	184.882
2.611	185.265
2.612	185.646
2.613	186.027
2.614	186.407
2.615	186.786
2.616	187.164
2.617	187.541
2.618	187.918
2.619	188.293
2.62	188.667
2.621	189.041
2.622	189.413
2.623	189.785
2.624	190.155
2.625	190.525
2.626	190.893
2.627	191.261
2.628	191.627
2.629	191.993
2.63	192.357
2.631	192.72
2.632	193.083
2.633	193.444
2.634	193.804
2.635	194.163
2.636	194.521
2.637	194.878
2.638	195.234
2.639	195.589
2.64	195.942
2.641	196.295
2.642	196.646
2.643	196.996
2.644	197.345
2.645	197.693
2.646	198.039
2.647	198.385
2.648	198.729
2.649	199.072
2.65	199.414
2.651	199.754
2.652	200.094
2.653	200.432
2.654	200.769
2.655	201.104
2.656	201.439
2.657	201.772
2.658	202.103
2.659	202.434
2.66	202.763
2.661	203.091
2.662	203.417
2.663	203.742
2.664	204.066
2.665	204.388
2.666	204.709
2.667	205.029
2.668	205.347
2.669	205.664
2.67	205.979
2.671	206.294
2.672	206.606
2.673	206.917
2.674	207.227
2.675	207.535
2.676	207.842
2.677	208.147
2.678	208.451
2.679	208.753
2.68	209.054
2.681	209.354
2.682	209.651
2.683	209.948
2.684	210.242
2.685	210.536
2.686	210.827
2.687	211.117
2.688	211.405
2.689	211.692
2.69	211.977
2.691	212.261
2.692	212.543
2.693	212.823
2.694	213.102
2.695	213.379
2.696	213.654
2.697	213.928
2.698	214.2
2.699	214.47
2.7	214.739
2.701	215.006
2.702	215.271
2.703	215.534
2.704	215.796
2.705	216.056
2.706	216.314
2.707	216.57
2.708	216.824
2.709	217.077
2.71	217.328
2.711	217.577
2.712	217.824
2.713	218.07
2.71399	218.313
2.71499	218.555
2.71599	218.795
2.71699	219.033
2.71799	219.268
2.71899	219.503
2.71999	219.735
2.72099	219.965
2.72199	220.193
2.72299	220.42
2.72399	220.644
2.72499	220.866
2.72599	221.087
2.72699	221.305
2.72799	221.522
2.72899	221.736
2.72999	221.948
2.73099	222.159
2.73199	222.367
2.73299	222.573
2.73399	222.777
2.73499	222.979
2.73599	223.179
2.73699	223.377
2.73799	223.573
2.73899	223.766
2.73999	223.958
2.74099	224.147
2.74199	224.334
2.74299	224.519
2.74399	224.702
2.74499	224.883
2.74599	225.061
2.74699	225.237
2.74799	225.411
2.74899	225.583
2.74999	225.753
2.75099	225.92
2.75199	226.085
2.75299	226.247
2.75399	226.408
2.75499	226.566
2.75599	226.721
2.75699	226.875
2.75799	227.026
2.75899	227.175
2.75999	227.321
2.76099	227.465
2.76199	227.607
2.76299	227.746
2.76399	227.883
2.76499	228.017
2.76599	228.149
2.76699	228.278
2.76799	228.405
2.76899	228.53
2.76999	228.652
2.77099	228.772
2.77199	228.889
2.77299	229.004
2.77399	229.116
2.77499	229.225
2.77599	229.332
2.77699	229.437
2.77799	229.538
2.77899	229.638
2.77999	229.734
2.78099	229.828
2.78199	229.92
2.78299	230.009
2.78399	230.095
2.78499	230.179
2.78599	230.259
2.78699	230.338
2.78799	230.413
2.78899	230.486
2.78999	230.556
2.79099	230.623
2.79199	230.688
2.79299	230.75
2.79399	230.809
2.79499	230.866
2.79599	230.919
2.79699	230.97
2.79799	231.018
2.79899	231.063
2.79999	231.106
2.80099	231.145
2.80199	231.182
2.80299	231.216
2.80399	231.247
2.80499	231.275
2.80599	231.3
2.80699	231.322
2.80799	231.341
2.80899	231.358
2.80999	231.371
2.81099	231.382
2.81199	231.389
2.81299	231.394
2.81399	231.395
2.81499	231.394
2.81599	231.389
2.81699	231.382
2.81799	231.371
2.81899	231.357
2.81999	231.341
2.82099	231.321
2.82199	231.298
2.82299	231.272
2.82399	231.243
2.82499	231.211
2.82599	231.175
2.82699	231.137
2.82799	231.095
2.82899	231.05
2.82999	231.002
2.83099	230.951
2.83199	230.897
2.83299	230.839
2.83399	230.778
2.83499	230.714
2.83599	230.646
2.83699	230.576
2.83799	230.502
2.83899	230.424
2.83999	230.344
2.84099	230.26
2.84199	230.173
2.84299	230.082
2.84399	229.988
2.84499	229.891
2.84599	229.79
2.84699	229.686
2.84799	229.578
2.84899	229.467
2.84999	229.353
2.85099	229.235
2.85198	229.114
2.85298	228.989
2.85398	228.861
2.85498	228.729
2.85598	228.594
2.85698	228.455
2.85798	228.313
2.85898	228.167
2.85998	228.017
2.86098	227.865
2.86198	227.708
2.86298	227.548
2.86398	227.384
2.86498	227.217
2.86598	227.046
2.86698	226.871
2.86798	226.693
2.86898	226.511
2.86998	226.325
2.87098	226.136
2.87198	225.943
2.87298	225.746
2.87398	225.546
2.87498	225.341
2.87598	225.133
2.87698	224.922
2.87798	224.706
2.87898	224.487
2.87998	224.264
2.88098	224.037
2.88198	223.806
2.88298	223.571
2.88398	223.333
2.88498	223.091
2.88598	222.845
2.88698	222.594
2.88798	222.341
2.88898	222.083
2.88998	221.821
2.89098	221.555
2.89198	221.285
2.89298	221.012
2.89398	220.734
2.89498	220.452
2.89598	220.167
2.89698	219.877
2.89798	219.584
2.89898	219.286
2.89998	218.984
2.90098	218.678
2.90198	218.368
2.90298	218.054
2.90398	217.736
2.90498	217.414
2.90598	217.088
2.90698	216.757
2.90798	216.423
2.90898	216.084
2.90998	215.741
2.91098	215.394
2.91198	215.043
2.91298	214.687
2.91398	214.328
2.91498	213.963
2.91598	213.595
2.91698	213.223
2.91798	212.846
2.91898	212.465
2.91998	212.08
2.92098	211.69
2.92198	211.296
2.92298	210.898
2.92398	210.495
2.92498	210.089
2.92598	209.677
2.92698	209.261
2.92798	208.841
2.92898	208.417
2.92998	207.988
2.93098	207.554
2.93198	207.117
2.93298	206.675
2.93398	206.228
2.93498	205.777
2.93598	205.321
2.93698	204.861
2.93798	204.396
2.93898	203.927
2.93998	203.453
2.94098	202.975
2.94198	202.492
2.94298	202.004
2.94398	201.513
2.94498	201.016
2.94598	200.515
2.94698	200.009
2.94798	199.498
2.94898	198.984
2.94998	198.464
2.95098	197.939
2.95198	197.41
2.95298	196.876
2.95398	196.338
2.95498	195.794
2.95598	195.247
2.95698	194.694
2.95798	194.136
2.95898	193.574
2.95998	193.007
2.96098	192.436
2.96198	191.859
2.96298	191.277
2.96398	190.691
2.96498	190.101
2.96598	189.505
2.96698	188.904
2.96798	188.298
2.96898	187.688
2.96998	187.072
2.97098	186.452
2.97198	185.827
2.97298	185.197
2.97398	184.562
2.97498	183.922
2.97598	183.277
2.97698	182.627
2.97798	181.972
2.97898	181.312
2.97998	180.647
2.98098	179.977
2.98198	179.302
2.98298	178.622
2.98398	177.937
2.98498	177.247
2.98598	176.552
2.98698	175.852
2.98798	175.146
2.98898	174.436
2.98997	173.72
2.99097	172.999
2.99197	172.274
2.99297	171.543
2.99397	170.806
2.99497	170.065
2.99597	169.319
2.99697	168.567
2.99797	167.81
2.99897	167.048
2.99997	166.28
