1	1	1
1.1	1	1.00428
1.2	1.00826	1.01495
1.3	1.02169	1.02981
1.4	1.03851	1.04753
1.5	1.05767	1.06726
1.6	1.07846	1.08843
1.7	1.10043	1.11066
1.8	1.12326	1.13365
1.9	1.14672	1.15723
2	1.17065	1.18123

1	0	0
1.2	0.2	0.221243
1.4	0.438889	0.489682
1.6	0.721243	0.812753
1.8	1.05204	1.19944
2	1.43725	1.66128
2.2	1.88426	2.2135
2.4	2.40227	2.87655
2.6	3.00284	3.67848
2.8	3.7006	4.65867
3	4.51428	5.8741

0	-2	-2
0.2	-1.8	-1.80262
0.4	-1.608	-1.62005
0.6	-1.43873	-1.46295
0.8	-1.30174	-1.33596
1	-1.19925	-1.23841
1.2	-1.12749	-1.16635
1.4	-1.07975	-1.11465
1.6	-1.04912	-1.07833
1.8	-1.02995	-1.05319
2	-1.01815	-1.03597

0	0.333333	0.333333
0.1	0.166667	0.212177
0.2	0.108333	0.162626
0.3	0.114167	0.164377
0.4	0.162083	0.205112
0.5	0.241042	0.277362
0.6	0.345521	0.376596
0.7	0.47276	0.500066
0.8	0.62138	0.646105
0.9	0.79069	0.813703
1	0.980345	1.00225

