0.2	0.0364424	0.0268128
0.4	0.179451	0.150778
0.6	0.564688	0.49602
0.8	1.48363	1.33086
1	3.54653	3.2191
1.2	8.00856	7.32328
1.4	17.417	16.0071
1.6	36.8869	34.0246
1.8	76.6012	70.8511
2	156.686	145.235
2.2	316.679	294.039
0.1	0.00674929	0.00575205
0.2	0.029155	0.0268128
0.3	0.0753781	0.0711445
0.4	0.157728	0.150778
0.5	0.294501	0.283617
0.6	0.512614	0.49602
0.7	0.851351	0.826481
0.8	1.36769	1.33086
0.9	2.14383	2.08977
1	3.29789	3.2191
1.1	4.99889	4.88471
1.2	7.48794	7.32328
1.3	11.108	10.8715
1.4	16.3455	16.0071
1.5	23.889	23.4064
1.6	34.7109	34.0246
1.7	50.1815	49.2079
1.8	72.2289	70.8511
1.9	103.561	101.616
2	147.977	145.235
0.05	0.00145229	0.00133847
0.1	0.00599604	0.00575205
0.15	0.0143448	0.0139496
0.2	0.0273857	0.0268128
0.25	0.0462148	0.0454312
0.3	0.0721796	0.0711445
0.35	0.106929	0.105593
0.4	0.152476	0.150778
0.45	0.211268	0.209134
0.5	0.286275	0.283617
0.55	0.381094	0.377803
0.6	0.500071	0.49602
0.65	0.648451	0.643483
0.7	0.83255	0.826481
0.75	1.05997	1.05258
0.8	1.33984	1.33086
0.85	1.68313	1.67223
0.9	2.10296	2.08977
0.95	2.61508	2.59915
1	3.23831	3.2191
1.05	3.99517	3.97203
1.1	4.91254	4.88471
1.15	6.02252	5.98908
1.2	7.3634	7.32328
1.25	8.98081	8.93271
1.3	10.9291	10.8715
1.35	13.273	13.2041
1.4	16.0896	16.0071
1.45	19.4703	19.3718
1.5	23.524	23.4064
1.55	28.3799	28.2397
1.6	34.1917	34.0246
1.65	41.1413	40.9422
1.7	49.4449	49.2079
1.75	59.3588	59.0768
1.8	71.1865	70.8511
1.85	85.288	84.8894
1.9	102.089	101.616
1.95	122.095	121.533
2	145.902	145.235
0.025	0.000336839	0.000323231
0.05	0.00136656	0.00133847
0.075	0.00316383	0.00312025
0.1	0.00581227	0.00575205
0.125	0.0094053	0.00932716
0.15	0.0140471	0.0139496
0.175	0.0198538	0.0197352
0.2	0.0269542	0.0268128
0.225	0.0354915	0.0353253
0.25	0.0456246	0.0454312
0.275	0.0575292	0.0573062
0.3	0.0713999	0.0711445
0.325	0.0874519	0.087161
0.35	0.105923	0.105593
0.375	0.127075	0.126702
0.4	0.151197	0.150778
0.425	0.178608	0.178138
0.45	0.209661	0.209134
0.475	0.24474	0.244152
0.5	0.284272	0.283617
0.525	0.328726	0.327996
0.55	0.378615	0.377803
0.575	0.434506	0.433605
0.6	0.497019	0.49602
0.625	0.566837	0.56573
0.65	0.644708	0.643483
0.675	0.731455	0.7301
0.7	0.827978	0.826481
0.725	0.935265	0.933612
0.75	1.0544	1.05258
0.775	1.18657	1.18456
0.8	1.33307	1.33086
0.825	1.49534	1.4929
0.85	1.67492	1.67223
0.875	1.87352	1.87057
0.9	2.09302	2.08977
0.925	2.33546	2.33189
0.95	2.60308	2.59915
0.975	2.89831	2.894
1	3.22384	3.2191
1.025	3.58258	3.57738
1.05	3.97773	3.97203
1.075	4.41279	4.40654
1.1	4.89157	4.88471
1.125	5.41823	5.41071
1.15	5.99733	5.98908
1.175	6.63383	6.6248
1.2	7.33317	7.32328
1.225	8.10126	8.09043
1.25	8.94457	8.93271
1.275	9.87015	9.85717
1.3	10.8857	10.8715
1.325	11.9996	11.9841
1.35	13.2211	13.2041
1.375	14.5601	14.5415
1.4	16.0275	16.0071
1.425	17.6351	17.6129
1.45	19.3961	19.3718
1.475	21.3244	21.2979
1.5	23.4354	23.4064
1.525	25.746	25.7143
1.55	28.2743	28.2397
1.575	31.0403	31.0026
1.6	34.0657	34.0246
1.625	37.3741	37.3292
1.65	40.9913	40.9422
1.675	44.9452	44.8916
1.7	49.2663	49.2079
1.725	53.9879	53.9242
1.75	59.1462	59.0768
1.775	64.7806	64.7048
1.8	70.9338	70.8511
1.825	77.6525	77.5625
1.85	84.9876	84.8894
1.875	92.9942	92.8872
1.9	101.732	101.616
1.925	111.268	111.141
1.95	121.671	121.533
1.975	133.021	132.87
2	145.4	145.235
2.025	158.9	158.721
0.0125	8.11103e-05	7.94486e-05
0.025	0.00032661	0.000323231
0.0375	0.000745038	0.00073989
0.05	0.00134544	0.00133847
0.0625	0.00213741	0.00212854
0.075	0.00313107	0.00312025
0.0875	0.00433716	0.00432431
0.1	0.005767	0.00575205
0.1125	0.00743259	0.00741546
0.125	0.00934656	0.00932716
0.1375	0.0115223	0.0115005
0.15	0.0139738	0.0139496
0.1625	0.0167161	0.0166893
0.175	0.0197647	0.0197352
0.1875	0.0231361	0.0231039
0.2	0.0268479	0.0268128
0.2125	0.0309183	0.0308802
0.225	0.0353666	0.0353253
0.2375	0.0402131	0.0401685
0.25	0.0454792	0.0454312
0.2625	0.0511875	0.0511359
0.275	0.0573616	0.0573062
0.2875	0.0640263	0.063967
0.3	0.0712079	0.0711445
0.3125	0.0789339	0.0788662
0.325	0.0872332	0.087161
0.3375	0.0961362	0.0960593
0.35	0.105675	0.105593
0.3625	0.115883	0.115796
0.375	0.126795	0.126702
0.3875	0.138448	0.13835
0.4	0.150882	0.150778
0.4125	0.164137	0.164026
0.425	0.178255	0.178138
0.4375	0.193282	0.193158
0.45	0.209265	0.209134
0.4625	0.226253	0.226115
0.475	0.244298	0.244152
0.4875	0.263454	0.2633
0.5	0.283779	0.283617
0.5125	0.305333	0.305161
0.525	0.328177	0.327996
0.5375	0.352378	0.352187
0.55	0.378005	0.377803
0.5625	0.40513	0.404917
0.575	0.433828	0.433605
0.5875	0.46418	0.463944
0.6	0.496268	0.49602
0.6125	0.530179	0.529918
0.625	0.566005	0.56573
0.6375	0.603841	0.603552
0.65	0.643787	0.643483
0.6625	0.685949	0.685629
0.675	0.730436	0.7301
0.6875	0.777364	0.77701
0.7	0.826852	0.826481
0.7125	0.879028	0.878637
0.725	0.934022	0.933612
0.7375	0.991975	0.991544
0.75	1.05303	1.05258
0.7625	1.11734	1.11686
0.775	1.18506	1.18456
0.7875	1.25636	1.25583
0.8	1.33141	1.33086
0.8125	1.41039	1.40981
0.825	1.4935	1.4929
0.8375	1.58093	1.5803
0.85	1.6729	1.67223
0.8625	1.76961	1.76891
0.875	1.8713	1.87057
0.8875	1.97821	1.97744
0.9	2.09058	2.08977
0.9125	2.20868	2.20783
0.925	2.33278	2.33189
0.9375	2.46316	2.46223
0.95	2.60012	2.59915
0.9625	2.74398	2.74296
0.975	2.89507	2.894
0.9875	3.05371	3.05259
1	3.22027	3.2191
1.0125	3.39513	3.3939
1.025	3.57867	3.57738
1.0375	3.7713	3.76995
1.05	3.97344	3.97203
1.0625	4.18555	4.18407
1.075	4.40809	4.40654
1.0875	4.64154	4.63991
1.1	4.88641	4.88471
1.1125	5.14324	5.14145
1.125	5.41257	5.41071
1.1375	5.695	5.69305
1.15	5.99113	5.98908
1.1625	6.30159	6.29945
1.175	6.62704	6.6248
1.1875	6.96818	6.96584
1.2	7.32573	7.32328
1.2125	7.70044	7.69787
1.225	8.09311	8.09043
1.2375	8.50456	8.50175
1.25	8.93565	8.93271
1.2625	9.38728	9.38421
1.275	9.8604	9.85717
1.2875	10.356	10.3526
1.3	10.875	10.8715
1.3125	11.4187	11.415
1.325	11.988	11.9841
1.3375	12.5841	12.5801
1.35	13.2083	13.2041
1.3625	13.8619	13.8575
1.375	14.5461	14.5415
1.3875	15.2624	15.2576
1.4	16.0122	16.0071
1.4125	16.797	16.7918
1.425	17.6185	17.6129
1.4375	18.4782	18.4724
1.45	19.3778	19.3718
1.4625	20.3193	20.313
1.475	21.3044	21.2979
1.4875	22.3352	22.3283
1.5	23.4136	23.4064
1.5125	24.5419	24.5344
1.525	25.7222	25.7143
1.5375	26.9568	26.9486
1.55	28.2483	28.2397
1.5625	29.5991	29.5902
1.575	31.012	31.0026
1.5875	32.4895	32.4798
1.6	34.0348	34.0246
1.6125	35.6506	35.64
1.625	37.3403	37.3292
1.6375	39.1071	39.0955
1.65	40.9544	40.9422
1.6625	42.8857	42.873
1.675	44.9049	44.8916
1.6875	47.0158	47.0019
1.7	49.2224	49.2079
1.7125	51.529	51.5139
1.725	53.94	53.9242
1.7375	56.4601	56.4436
1.75	59.094	59.0768
1.7625	61.8467	61.8288
1.775	64.7236	64.7048
1.7875	67.73	67.7104
1.8	70.8716	70.8511
1.8125	74.1545	74.1331
1.825	77.5848	77.5625
1.8375	81.169	81.1456
1.85	84.9137	84.8894
1.8625	88.8262	88.8007
1.875	92.9137	92.8872
1.8875	97.1839	97.1562
1.9	101.645	101.616
1.9125	106.305	106.274
1.925	111.172	111.141
1.9375	116.257	116.224
1.95	121.567	121.533
1.9625	127.114	127.078
1.975	132.907	132.87
1.9875	138.957	138.918
2	145.276	145.235
2.0125	151.874	151.832
0.00625	1.99009e-05	1.96961e-05
0.0125	7.9861e-05	7.94486e-05
0.01875	0.000180901	0.000180274
0.025	0.000324073	0.000323231
0.03125	0.000510459	0.000509397
0.0375	0.000741173	0.00073989
0.04375	0.00101736	0.00101585
0.05	0.00134021	0.00133847
0.05625	0.00171092	0.00170895
0.0625	0.00213075	0.00212854
0.06875	0.00260099	0.00259854
0.075	0.00312295	0.00312025
0.08125	0.00369799	0.00369504
0.0875	0.00432751	0.00432431
0.09375	0.00501295	0.00500949
0.1	0.00575578	0.00575205
0.10625	0.00655752	0.00655352
0.1125	0.00741972	0.00741546
0.11875	0.008344	0.00833945
0.125	0.00933199	0.00932716
0.13125	0.0103854	0.0103803
0.1375	0.0115059	0.0115005
0.14375	0.0126954	0.0126897
0.15	0.0139556	0.0139496
0.15625	0.0152885	0.0152822
0.1625	0.016696	0.0166893
0.16875	0.01818	0.018173
0.175	0.0197426	0.0197352
0.18125	0.0213858	0.0213782
0.1875	0.023112	0.0231039
0.19375	0.0249231	0.0249147
0.2	0.0268215	0.0268128
0.20625	0.0288096	0.0288005
0.2125	0.0308897	0.0308802
0.21875	0.0330641	0.0330543
0.225	0.0353356	0.0353253
0.23125	0.0377065	0.0376958
0.2375	0.0401796	0.0401685
0.24375	0.0427576	0.0427461
0.25	0.0454432	0.0454312
0.25625	0.0482393	0.0482269
0.2625	0.0511488	0.0511359
0.26875	0.0541746	0.0541613
0.275	0.05732	0.0573062
0.28125	0.060588	0.0605737
0.2875	0.0639818	0.063967
0.29375	0.0675048	0.0674895
0.3	0.0711603	0.0711445
0.30625	0.0749519	0.0749356
0.3125	0.0788831	0.0788662
0.31875	0.0829575	0.0829401
0.325	0.087179	0.087161
0.33125	0.0915513	0.0915328
0.3375	0.0960784	0.0960593
0.34375	0.100764	0.100745
0.35	0.105613	0.105593
0.35625	0.110629	0.110608
0.3625	0.115817	0.115796
0.36875	0.121181	0.121159
0.375	0.126725	0.126702
0.38125	0.132455	0.132431
0.3875	0.138375	0.13835
0.39375	0.144489	0.144464
0.4	0.150804	0.150778
0.40625	0.157324	0.157297
0.4125	0.164054	0.164026
0.41875	0.171	0.170972
0.425	0.178167	0.178138
0.43125	0.185562	0.185532
0.4375	0.193189	0.193158
0.44375	0.201055	0.201024
0.45	0.209167	0.209134
0.45625	0.217529	0.217496
0.4625	0.226149	0.226115
0.46875	0.235033	0.234998
0.475	0.244188	0.244152
0.48125	0.253621	0.253584
0.4875	0.263339	0.2633
0.49375	0.273348	0.273309
0.5	0.283657	0.283617
0.50625	0.294273	0.294231
0.5125	0.305204	0.305161
0.51875	0.316457	0.316413
0.525	0.328041	0.327996
0.53125	0.339964	0.339918
0.5375	0.352235	0.352187
0.54375	0.364861	0.364813
0.55	0.377854	0.377803
0.55625	0.39122	0.391169
0.5625	0.40497	0.404917
0.56875	0.419114	0.419059
0.575	0.43366	0.433605
0.58125	0.44862	0.448563
0.5875	0.464003	0.463944
0.59375	0.47982	0.47976
0.6	0.496081	0.49602
0.60625	0.512799	0.512735
0.6125	0.529983	0.529918
0.61875	0.547645	0.547579
0.625	0.565798	0.56573
0.63125	0.584454	0.584383
0.6375	0.603624	0.603552
0.64375	0.623321	0.623247
0.65	0.643559	0.643483
0.65625	0.66435	0.664273
0.6625	0.685709	0.685629
0.66875	0.707649	0.707567
0.675	0.730184	0.7301
0.68125	0.753329	0.753243
0.6875	0.777099	0.77701
0.69375	0.801508	0.801418
0.7	0.826573	0.826481
0.70625	0.85231	0.852215
0.7125	0.878735	0.878637
0.71875	0.905864	0.905764
0.725	0.933714	0.933612
0.73125	0.962304	0.962199
0.7375	0.991651	0.991544
0.74375	1.02177	1.02166
0.75	1.05269	1.05258
0.75625	1.08442	1.0843
0.7625	1.11698	1.11686
0.76875	1.15039	1.15027
0.775	1.18468	1.18456
0.78125	1.21986	1.21974
0.7875	1.25596	1.25583
0.79375	1.293	1.29286
0.8	1.33099	1.33086
0.80625	1.36997	1.36983
0.8125	1.40996	1.40981
0.81875	1.45097	1.45083
0.825	1.49305	1.4929
0.83125	1.5362	1.53604
0.8375	1.58046	1.5803
0.84375	1.62585	1.62568
0.85	1.6724	1.67223
0.85625	1.72013	1.71996
0.8625	1.76909	1.76891
0.86875	1.81928	1.8191
0.875	1.87075	1.87057
0.88125	1.92352	1.92334
0.8875	1.97763	1.97744
0.89375	2.0331	2.03291
0.9	2.08998	2.08977
0.90625	2.14828	2.14807
0.9125	2.20804	2.20783
0.91875	2.26931	2.26909
0.925	2.33211	2.33189
0.93125	2.39648	2.39626
0.9375	2.46246	2.46223
0.94375	2.53009	2.52985
0.95	2.59939	2.59915
0.95625	2.67042	2.67018
0.9625	2.74322	2.74296
0.96875	2.81782	2.81756
0.975	2.89426	2.894
0.98125	2.9726	2.97233
0.9875	3.05287	3.05259
0.99375	3.13512	3.13483
1	3.21939	3.2191
1.00625	3.30574	3.30544
1.0125	3.39421	3.3939
1.01875	3.48484	3.48453
1.025	3.5777	3.57738
1.03125	3.67283	3.6725
1.0375	3.77028	3.76995
1.04375	3.87012	3.86977
1.05	3.97238	3.97203
1.05625	4.07714	4.07678
1.0625	4.18444	4.18407
1.06875	4.29435	4.29397
1.075	4.40692	4.40654
1.08125	4.52222	4.52183
1.0875	4.64032	4.63991
1.09375	4.76126	4.76085
1.1	4.88513	4.88471
1.10625	5.01199	5.01155
1.1125	5.1419	5.14145
1.11875	5.27494	5.27448
1.125	5.41117	5.41071
1.13125	5.55068	5.55021
1.1375	5.69354	5.69305
1.14375	5.83981	5.83932
1.15	5.98959	5.98908
1.15625	6.14296	6.14243
1.1625	6.29998	6.29945
1.16875	6.46075	6.46021
1.175	6.62536	6.6248
1.18125	6.79388	6.79331
1.1875	6.96642	6.96584
1.19375	7.14306	7.14246
1.2	7.32389	7.32328
1.20625	7.50901	7.50838
1.2125	7.69852	7.69787
1.21875	7.89251	7.89186
1.225	8.0911	8.09043
1.23125	8.29437	8.29369
1.2375	8.50245	8.50175
1.24375	8.71544	8.71472
1.25	8.93344	8.93271
1.25625	9.15658	9.15584
1.2625	9.38497	9.38421
1.26875	9.61873	9.61794
1.275	9.85798	9.85717
1.28125	10.1028	10.102
1.2875	10.3534	10.3526
1.29375	10.6099	10.6091
1.3	10.8724	10.8715
1.30625	11.141	11.1401
1.3125	11.4159	11.415
1.31875	11.6972	11.6963
1.325	11.9851	11.9841
1.33125	12.2796	12.2787
1.3375	12.5811	12.5801
1.34375	12.8895	12.8885
1.35	13.2052	13.2041
1.35625	13.5281	13.527
1.3625	13.8586	13.8575
1.36875	14.1967	14.1956
1.375	14.5426	14.5415
1.38125	14.8966	14.8954
1.3875	15.2588	15.2576
1.39375	15.6293	15.6281
1.4	16.0084	16.0071
1.40625	16.3963	16.395
1.4125	16.7931	16.7918
1.41875	17.199	17.1977
1.425	17.6143	17.6129
1.43125	18.0392	18.0378
1.4375	18.4738	18.4724
1.44375	18.9185	18.917
1.45	19.3733	19.3718
1.45625	19.8386	19.8371
1.4625	20.3146	20.313
1.46875	20.8015	20.7999
1.475	21.2995	21.2979
1.48125	21.8089	21.8073
1.4875	22.33	22.3283
1.49375	22.863	22.8613
1.5	23.4082	23.4064
1.50625	23.9659	23.9641
1.5125	24.5362	24.5344
1.51875	25.1196	25.1177
1.525	25.7163	25.7143
1.53125	26.3265	26.3245
1.5375	26.9507	26.9486
1.54375	27.589	27.587
1.55	28.2419	28.2397
1.55625	28.9096	28.9074
1.5625	29.5924	29.5902
1.56875	30.2908	30.2885
1.575	31.0049	31.0026
1.58125	31.7353	31.7329
1.5875	32.4822	32.4798
1.59375	33.246	33.2435
1.6	34.0271	34.0246
1.60625	34.8258	34.8233
1.6125	35.6426	35.64
1.61875	36.4779	36.4751
1.625	37.332	37.3292
1.63125	38.2053	38.2025
1.6375	39.0984	39.0955
1.64375	40.0115	40.0085
1.65	40.9452	40.9422
1.65625	41.9	41.8969
1.6625	42.8762	42.873
1.66875	43.8744	43.8711
1.675	44.8949	44.8916
1.68125	45.9384	45.935
1.6875	47.0054	47.0019
1.69375	48.0962	48.0927
1.7	49.2115	49.2079
1.70625	50.3518	50.3481
1.7125	51.5176	51.5139
1.71875	52.7096	52.7057
1.725	53.9282	53.9242
1.73125	55.174	55.17
1.7375	56.4477	56.4436
1.74375	57.7498	57.7456
1.75	59.081	59.0768
1.75625	60.442	60.4376
1.7625	61.8332	61.8288
1.76875	63.2555	63.2509
1.775	64.7095	64.7048
1.78125	66.1958	66.191
1.7875	67.7152	67.7104
1.79375	69.2685	69.2635
1.8	70.8563	70.8511
1.80625	72.4793	72.4741
1.8125	74.1384	74.1331
1.81875	75.8344	75.829
1.825	77.568	77.5625
1.83125	79.3401	79.3344
1.8375	81.1514	81.1456
1.84375	83.0029	82.997
1.85	84.8954	84.8894
1.85625	86.8299	86.8237
1.8625	88.8071	88.8007
1.86875	90.8281	90.8216
1.875	92.8938	92.8872
1.88125	95.0051	94.9984
1.8875	97.1631	97.1562
1.89375	99.3687	99.3616
1.9	101.623	101.616
1.90625	103.927	103.92
1.9125	106.282	106.274
1.91875	108.689	108.681
1.925	111.149	111.141
1.93125	113.663	113.654
1.9375	116.232	116.224
1.94375	118.858	118.849
1.95	121.541	121.533
1.95625	124.284	124.275
1.9625	127.087	127.078
1.96875	129.952	129.942
1.975	132.879	132.87
1.98125	135.871	135.861
1.9875	138.928	138.918
1.99375	142.052	142.042
2	145.245	145.235
0.003125	4.9288e-06	4.90227e-06
0.00625	1.97466e-05	1.96961e-05
0.009375	4.45781e-05	4.44995e-05
0.0125	7.955e-05	7.94486e-05
0.015625	0.000124791	0.000124659
0.01875	0.000180431	0.000180274
0.021875	0.000246603	0.000246423
0.025	0.000323442	0.000323231
0.028125	0.000411082	0.000410847
0.03125	0.000509664	0.000509397
0.034375	0.000619326	0.000619034
0.0375	0.000740211	0.00073989
0.040625	0.000872464	0.000872114
0.04375	0.00101623	0.00101585
0.046875	0.00117166	0.00117125
0.05	0.0013389	0.00133847
0.053125	0.00151811	0.00151765
0.05625	0.00170944	0.00170895
0.059375	0.00191305	0.00191253
0.0625	0.0021291	0.00212854
0.065625	0.00235774	0.00235716
0.06875	0.00259915	0.00259854
0.071875	0.00285349	0.00285284
0.075	0.00312092	0.00312025
0.078125	0.00340163	0.00340093
0.08125	0.00369578	0.00369504
0.084375	0.00400355	0.00400278
0.0875	0.00432511	0.00432431
0.090625	0.00466065	0.00465982
0.09375	0.00501035	0.00500949
0.096875	0.0053744	0.0053735
0.1	0.00575298	0.00575205
0.103125	0.00614629	0.00614533
0.10625	0.00655452	0.00655352
0.109375	0.00697786	0.00697683
0.1125	0.00741652	0.00741546
0.115625	0.00787069	0.00786959
0.11875	0.00834059	0.00833945
0.121875	0.00882641	0.00882524
0.125	0.00932837	0.00932716
0.128125	0.00984667	0.00984543
0.13125	0.0103815	0.0103803
0.134375	0.0109332	0.0109319
0.1375	0.0115019	0.0115005
0.140625	0.0120878	0.0120864
0.14375	0.0126911	0.0126897
0.146875	0.0133122	0.0133107
0.15	0.0139511	0.0139496
0.153125	0.0146082	0.0146067
0.15625	0.0152837	0.0152822
0.159375	0.0159779	0.0159763
0.1625	0.016691	0.0166893
0.165625	0.0174231	0.0174214
0.16875	0.0181747	0.018173
0.171875	0.0189459	0.0189441
0.175	0.0197371	0.0197352
0.178125	0.0205484	0.0205465
0.18125	0.0213801	0.0213782
0.184375	0.0222325	0.0222306
0.1875	0.0231059	0.0231039
0.190625	0.0240006	0.0239986
0.19375	0.0249168	0.0249147
0.196875	0.0258548	0.0258527
0.2	0.026815	0.0268128
0.203125	0.0277975	0.0277953
0.20625	0.0288028	0.0288005
0.209375	0.029831	0.0298287
0.2125	0.0308825	0.0308802
0.215625	0.0319577	0.0319552
0.21875	0.0330567	0.0330543
0.221875	0.03418	0.0341775
0.225	0.0353279	0.0353253
0.228125	0.0365006	0.036498
0.23125	0.0376985	0.0376958
0.234375	0.038922	0.0389192
0.2375	0.0401713	0.0401685
0.240625	0.0414468	0.041444
0.24375	0.0427489	0.0427461
0.246875	0.0440779	0.044075
0.25	0.0454342	0.0454312
0.253125	0.0468181	0.0468151
0.25625	0.04823	0.0482269
0.259375	0.0496702	0.049667
0.2625	0.0511391	0.0511359
0.265625	0.0526371	0.0526339
0.26875	0.0541646	0.0541613
0.271875	0.055722	0.0557186
0.275	0.0573096	0.0573062
0.278125	0.0589279	0.0589244
0.28125	0.0605773	0.0605737
0.284375	0.062258	0.0622544
0.2875	0.0639707	0.063967
0.290625	0.0657157	0.0657119
0.29375	0.0674933	0.0674895
0.296875	0.0693041	0.0693002
0.3	0.0711485	0.0711445
0.303125	0.0730268	0.0730228
0.30625	0.0749397	0.0749356
0.309375	0.0768874	0.0768832
0.3125	0.0788704	0.0788662
0.315625	0.0808893	0.080885
0.31875	0.0829445	0.0829401
0.321875	0.0850364	0.085032
0.325	0.0871655	0.087161
0.328125	0.0893323	0.0893278
0.33125	0.0915374	0.0915328
0.334375	0.0937811	0.0937764
0.3375	0.0960641	0.0960593
0.340625	0.0983867	0.0983818
0.34375	0.10075	0.100745
0.346875	0.103153	0.103148
0.35	0.105598	0.105593
0.353125	0.108085	0.10808
0.35625	0.110614	0.110608
0.359375	0.113186	0.11318
0.3625	0.115801	0.115796
0.365625	0.11846	0.118455
0.36875	0.121164	0.121159
0.371875	0.123913	0.123908
0.375	0.126708	0.126702
0.378125	0.129549	0.129543
0.38125	0.132437	0.132431
0.384375	0.135373	0.135367
0.3875	0.138356	0.13835
0.390625	0.141389	0.141382
0.39375	0.14447	0.144464
0.396875	0.147602	0.147596
0.4	0.150784	0.150778
0.403125	0.154018	0.154011
0.40625	0.157304	0.157297
0.409375	0.160642	0.160635
0.4125	0.164033	0.164026
0.415625	0.167479	0.167472
0.41875	0.170979	0.170972
0.421875	0.174534	0.174527
0.425	0.178145	0.178138
0.428125	0.181814	0.181806
0.43125	0.185539	0.185532
0.434375	0.189323	0.189316
0.4375	0.193166	0.193158
0.440625	0.197069	0.197061
0.44375	0.201032	0.201024
0.446875	0.205056	0.205048
0.45	0.209142	0.209134
0.453125	0.213291	0.213283
0.45625	0.217504	0.217496
0.459375	0.221781	0.221772
0.4625	0.226123	0.226115
0.465625	0.230531	0.230523
0.46875	0.235007	0.234998
0.471875	0.239549	0.239541
0.475	0.244161	0.244152
0.478125	0.248842	0.248833
0.48125	0.253593	0.253584
0.484375	0.258415	0.258406
0.4875	0.26331	0.2633
0.490625	0.268277	0.268267
0.49375	0.273318	0.273309
0.496875	0.278435	0.278425
0.5	0.283627	0.283617
0.503125	0.288895	0.288885
0.50625	0.294242	0.294231
0.509375	0.299667	0.299656
0.5125	0.305171	0.305161
0.515625	0.310757	0.310746
0.51875	0.316424	0.316413
0.521875	0.322174	0.322163
0.525	0.328007	0.327996
0.528125	0.333925	0.333914
0.53125	0.339929	0.339918
0.534375	0.34602	0.346008
0.5375	0.352199	0.352187
0.540625	0.358467	0.358455
0.54375	0.364825	0.364813
0.546875	0.371274	0.371262
0.55	0.377816	0.377803
0.553125	0.384451	0.384439
0.55625	0.391181	0.391169
0.559375	0.398007	0.397994
0.5625	0.404931	0.404917
0.565625	0.411952	0.411939
0.56875	0.419073	0.419059
0.571875	0.426295	0.426281
0.575	0.433618	0.433605
0.578125	0.441045	0.441031
0.58125	0.448577	0.448563
0.584375	0.456214	0.4562
0.5875	0.463959	0.463944
0.590625	0.471812	0.471797
0.59375	0.479775	0.47976
0.596875	0.487849	0.487833
0.6	0.496035	0.49602
0.603125	0.504335	0.50432
0.60625	0.512751	0.512735
0.609375	0.521283	0.521267
0.6125	0.529934	0.529918
0.615625	0.538704	0.538688
0.61875	0.547595	0.547579
0.621875	0.556609	0.556592
0.625	0.565747	0.56573
0.628125	0.57501	0.574993
0.63125	0.584401	0.584383
0.634375	0.59392	0.593902
0.6375	0.60357	0.603552
0.640625	0.613351	0.613333
0.64375	0.623266	0.623247
0.646875	0.633315	0.633297
0.65	0.643502	0.643483
0.653125	0.653827	0.653808
0.65625	0.664292	0.664273
0.659375	0.674899	0.674879
0.6625	0.685649	0.685629
0.665625	0.696545	0.696525
0.66875	0.707588	0.707567
0.671875	0.718779	0.718758
0.675	0.730121	0.7301
0.678125	0.741616	0.741595
0.68125	0.753264	0.753243
0.684375	0.765069	0.765048
0.6875	0.777032	0.77701
0.690625	0.789155	0.789133
0.69375	0.80144	0.801418
0.696875	0.813889	0.813866
0.7	0.826504	0.826481
0.703125	0.839287	0.839263
0.70625	0.852239	0.852215
0.709375	0.865363	0.86534
0.7125	0.878662	0.878637
0.715625	0.892136	0.892112
0.71875	0.905789	0.905764
0.721875	0.919622	0.919597
0.725	0.933638	0.933612
0.728125	0.947838	0.947812
0.73125	0.962226	0.962199
0.734375	0.976802	0.976776
0.7375	0.99157	0.991544
0.740625	1.00653	1.00651
0.74375	1.02169	1.02166
0.746875	1.03705	1.03702
0.75	1.0526	1.05258
0.753125	1.06836	1.06834
0.75625	1.08433	1.0843
0.759375	1.10051	1.10048
0.7625	1.11689	1.11686
0.765625	1.13349	1.13346
0.76875	1.1503	1.15027
0.771875	1.16734	1.16731
0.775	1.18459	1.18456
0.778125	1.20207	1.20203
0.78125	1.21977	1.21974
0.784375	1.2377	1.23767
0.7875	1.25586	1.25583
0.790625	1.27426	1.27423
0.79375	1.2929	1.29286
0.796875	1.31177	1.31174
0.8	1.33089	1.33086
0.803125	1.35026	1.35022
0.80625	1.36987	1.36983
0.809375	1.38973	1.3897
0.8125	1.40985	1.40981
0.815625	1.43023	1.43019
0.81875	1.45086	1.45083
0.821875	1.47177	1.47173
0.825	1.49293	1.4929
0.828125	1.51437	1.51433
0.83125	1.53608	1.53604
0.834375	1.55807	1.55803
0.8375	1.58034	1.5803
0.840625	1.60289	1.60285
0.84375	1.62573	1.62568
0.846875	1.64885	1.64881
0.85	1.67227	1.67223
0.853125	1.69599	1.69595
0.85625	1.72001	1.71996
0.859375	1.74433	1.74428
0.8625	1.76896	1.76891
0.865625	1.79389	1.79385
0.86875	1.81915	1.8191
0.871875	1.84472	1.84467
0.875	1.87061	1.87057
0.878125	1.89683	1.89679
0.88125	1.92338	1.92334
0.884375	1.95027	1.95022
0.8875	1.97749	1.97744
0.890625	2.00505	2.005
0.89375	2.03296	2.03291
0.896875	2.06121	2.06116
0.9	2.08982	2.08977
0.903125	2.11879	2.11874
0.90625	2.14812	2.14807
0.909375	2.17782	2.17777
0.9125	2.20789	2.20783
0.915625	2.23833	2.23827
0.91875	2.26915	2.26909
0.921875	2.30035	2.3003
0.925	2.33195	2.33189
0.928125	2.36393	2.36388
0.93125	2.39631	2.39626
0.934375	2.4291	2.42904
0.9375	2.46229	2.46223
0.940625	2.49589	2.49583
0.94375	2.52991	2.52985
0.946875	2.56435	2.56429
0.95	2.59921	2.59915
0.953125	2.63451	2.63444
0.95625	2.67024	2.67018
0.959375	2.70641	2.70635
0.9625	2.74303	2.74296
0.965625	2.7801	2.78003
0.96875	2.81762	2.81756
0.971875	2.85561	2.85554
0.975	2.89406	2.894
0.978125	2.93299	2.93292
0.98125	2.97239	2.97233
0.984375	3.01228	3.01221
0.9875	3.05266	3.05259
0.990625	3.09353	3.09346
0.99375	3.1349	3.13483
0.996875	3.17678	3.17671
1	3.21917	3.2191
1.00313	3.26208	3.26201
1.00625	3.30551	3.30544
1.00938	3.34948	3.3494
1.0125	3.39398	3.3939
1.01563	3.43902	3.43894
1.01875	3.48461	3.48453
1.02188	3.53075	3.53067
1.025	3.57746	3.57738
1.02813	3.62473	3.62465
1.03125	3.67258	3.6725
1.03438	3.72101	3.72093
1.0375	3.77003	3.76995
1.04063	3.81964	3.81956
1.04375	3.86986	3.86977
1.04688	3.92068	3.92059
1.05	3.97212	3.97203
1.05313	4.02418	4.02409
1.05625	4.07687	4.07678
1.05938	4.13019	4.1301
1.0625	4.18416	4.18407
1.06563	4.23878	4.23869
1.06875	4.29406	4.29397
1.07188	4.35001	4.34991
1.075	4.40663	4.40654
1.07813	4.46393	4.46384
1.08125	4.52193	4.52183
1.08438	4.58062	4.58052
1.0875	4.64001	4.63991
1.09063	4.70012	4.70002
1.09375	4.76095	4.76085
1.09688	4.82251	4.82241
1.1	4.88481	4.88471
1.10313	4.94786	4.94775
1.10625	5.01166	5.01155
1.10938	5.07623	5.07612
1.1125	5.14157	5.14145
1.11563	5.20769	5.20757
1.11875	5.2746	5.27448
1.12188	5.34231	5.34219
1.125	5.41082	5.41071
1.12813	5.48016	5.48004
1.13125	5.55032	5.55021
1.13438	5.62132	5.6212
1.1375	5.69317	5.69305
1.14063	5.76587	5.76575
1.14375	5.83944	5.83932
1.14688	5.91388	5.91376
1.15	5.98921	5.98908
1.15313	6.06544	6.06531
1.15625	6.14256	6.14243
1.15938	6.22061	6.22048
1.1625	6.29958	6.29945
1.16563	6.37949	6.37935
1.16875	6.46034	6.46021
1.17188	6.54216	6.54202
1.175	6.62494	6.6248
1.17813	6.7087	6.70856
1.18125	6.79346	6.79331
1.18438	6.87921	6.87907
1.1875	6.96598	6.96584
1.19063	7.05378	7.05363
1.19375	7.14261	7.14246
1.19688	7.23249	7.23234
1.2	7.32343	7.32328
1.20313	7.41544	7.41529
1.20625	7.50854	7.50838
1.20938	7.60273	7.60258
1.2125	7.69804	7.69787
1.21563	7.79446	7.7943
1.21875	7.89202	7.89186
1.22188	7.99073	7.99056
1.225	8.09059	8.09043
1.22813	8.19163	8.19146
1.23125	8.29386	8.29369
1.23438	8.39729	8.39711
1.2375	8.50193	8.50175
1.24063	8.60779	8.60762
1.24375	8.7149	8.71472
1.24688	8.82326	8.82308
1.25	8.93289	8.93271
1.25313	9.04381	9.04362
1.25625	9.15602	9.15584
1.25938	9.26955	9.26935
1.2625	9.3844	9.38421
1.26563	9.50059	9.5004
1.26875	9.61814	9.61794
1.27188	9.73706	9.73687
1.275	9.85738	9.85717
1.27813	9.97909	9.97889
1.28125	10.1022	10.102
1.28438	10.2268	10.2266
1.2875	10.3528	10.3526
1.29063	10.4803	10.4801
1.29375	10.6093	10.6091
1.29688	10.7397	10.7395
1.3	10.8717	10.8715
1.30313	11.0053	11.005
1.30625	11.1403	11.1401
1.30938	11.277	11.2767
1.3125	11.4152	11.415
1.31563	11.555	11.5548
1.31875	11.6965	11.6963
1.32188	11.8396	11.8393
1.325	11.9843	11.9841
1.32813	12.1308	12.1305
1.33125	12.2789	12.2787
1.33438	12.4287	12.4285
1.3375	12.5803	12.5801
1.34063	12.7337	12.7334
1.34375	12.8888	12.8885
1.34688	13.0457	13.0454
1.35	13.2044	13.2041
1.35313	13.3649	13.3646
1.35625	13.5273	13.527
1.35938	13.6916	13.6913
1.3625	13.8577	13.8575
1.36563	14.0258	14.0255
1.36875	14.1958	14.1956
1.37188	14.3678	14.3675
1.375	14.5418	14.5415
1.37813	14.7177	14.7174
1.38125	14.8957	14.8954
1.38438	15.0758	15.0755
1.3875	15.2579	15.2576
1.39063	15.4421	15.4418
1.39375	15.6284	15.6281
1.39688	15.8168	15.8165
1.4	16.0075	16.0071
1.40313	16.2003	16.2
1.40625	16.3953	16.395
1.40938	16.5926	16.5922
1.4125	16.7921	16.7918
1.41563	16.9939	16.9936
1.41875	17.198	17.1977
1.42188	17.4045	17.4041
1.425	17.6133	17.6129
1.42813	17.8245	17.8242
1.43125	18.0381	18.0378
1.43438	18.2542	18.2539
1.4375	18.4728	18.4724
1.44063	18.6938	18.6934
1.44375	18.9174	18.917
1.44688	19.1435	19.1431
1.45	19.3722	19.3718
1.45313	19.6035	19.6031
1.45625	19.8375	19.8371
1.45938	20.0741	20.0737
1.4625	20.3134	20.313
1.46563	20.5555	20.5551
1.46875	20.8003	20.7999
1.47188	21.0479	21.0474
1.475	21.2983	21.2979
1.47813	21.5515	21.5511
1.48125	21.8077	21.8073
1.48438	22.0667	22.0663
1.4875	22.3287	22.3283
1.49063	22.5937	22.5933
1.49375	22.8617	22.8613
1.49688	23.1328	23.1323
1.5	23.4069	23.4064
1.50313	23.6841	23.6837
1.50625	23.9645	23.9641
1.50938	24.2481	24.2476
1.5125	24.5348	24.5344
1.51563	24.8249	24.8244
1.51875	25.1182	25.1177
1.52188	25.4148	25.4143
1.525	25.7148	25.7143
1.52813	26.0182	26.0177
1.53125	26.325	26.3245
1.53438	26.6353	26.6348
1.5375	26.9492	26.9486
1.54063	27.2665	27.266
1.54375	27.5875	27.587
1.54688	27.912	27.9115
1.55	28.2403	28.2397
1.55313	28.5722	28.5717
1.55625	28.9079	28.9074
1.55938	29.2474	29.2469
1.5625	29.5907	29.5902
1.56563	29.9379	29.9374
1.56875	30.289	30.2885
1.57188	30.6441	30.6435
1.575	31.0032	31.0026
1.57813	31.3663	31.3657
1.58125	31.7335	31.7329
1.58438	32.1048	32.1043
1.5875	32.4804	32.4798
1.59063	32.8601	32.8595
1.59375	33.2441	33.2435
1.59688	33.6325	33.6318
1.6	34.0252	34.0246
1.60313	34.4223	34.4217
1.60625	34.8239	34.8233
1.60938	35.23	35.2293
1.6125	35.6406	35.64
1.61563	36.0559	36.0552
1.61875	36.4758	36.4751
1.62188	36.9005	36.8998
1.625	37.3299	37.3292
1.62813	37.7641	37.7634
1.63125	38.2032	38.2025
1.63438	38.6472	38.6465
1.6375	39.0962	39.0955
1.64063	39.5502	39.5495
1.64375	40.0093	40.0085
1.64688	40.4735	40.4728
1.65	40.943	40.9422
1.65313	41.4177	41.4169
1.65625	41.8977	41.8969
1.65938	42.383	42.3822
1.6625	42.8738	42.873
1.66563	43.3701	43.3693
1.66875	43.8719	43.8711
1.67188	44.3794	44.3785
1.675	44.8925	44.8916
1.67813	45.4113	45.4105
1.68125	45.9359	45.935
1.68438	46.4664	46.4655
1.6875	47.0028	47.0019
1.69063	47.5451	47.5442
1.69375	48.0936	48.0927
1.69688	48.6481	48.6472
1.7	49.2088	49.2079
1.70313	49.7758	49.7749
1.70625	50.349	50.3481
1.70938	50.9287	50.9278
1.7125	51.5148	51.5139
1.71563	52.1075	52.1065
1.71875	52.7067	52.7057
1.72188	53.3126	53.3116
1.725	53.9252	53.9242
1.72813	54.5447	54.5437
1.73125	55.171	55.17
1.73438	55.8043	55.8033
1.7375	56.4446	56.4436
1.74063	57.0921	57.091
1.74375	57.7467	57.7456
1.74688	58.4086	58.4075
1.75	59.0778	59.0768
1.75313	59.7545	59.7534
1.75625	60.4387	60.4376
1.75938	61.1304	61.1293
1.7625	61.8299	61.8288
1.76563	62.537	62.5359
1.76875	63.2521	63.2509
1.77188	63.975	63.9739
1.775	64.706	64.7048
1.77813	65.445	65.4438
1.78125	66.1922	66.191
1.78438	66.9477	66.9465
1.7875	67.7116	67.7104
1.79063	68.4839	68.4826
1.79375	69.2647	69.2635
1.79688	70.0542	70.0529
1.8	70.8524	70.8511
1.80313	71.6595	71.6582
1.80625	72.4754	72.4741
1.80938	73.3004	73.2991
1.8125	74.1344	74.1331
1.81563	74.9777	74.9763
1.81875	75.8303	75.829
1.82188	76.6923	76.6909
1.825	77.5638	77.5625
1.82813	78.445	78.4436
1.83125	79.3358	79.3344
1.83438	80.2365	80.2351
1.8375	81.1471	81.1456
1.84063	82.0677	82.0663
1.84375	82.9985	82.997
1.84688	83.9395	83.938
1.85	84.8909	84.8894
1.85313	85.8528	85.8512
1.85625	86.8252	86.8237
1.85938	87.8084	87.8068
1.8625	88.8024	88.8007
1.86563	89.8073	89.8057
1.86875	90.8232	90.8216
1.87188	91.8504	91.8488
1.875	92.8888	92.8872
1.87813	93.9386	93.9369
1.88125	95	94.9984
1.88438	96.0731	96.0713
1.8875	97.1579	97.1562
1.89063	98.2546	98.2529
1.89375	99.3634	99.3616
1.89688	100.484	100.483
1.9	101.618	101.616
1.90313	102.763	102.762
1.90625	103.922	103.92
1.90938	105.093	105.091
1.9125	106.276	106.274
1.91563	107.473	107.471
1.91875	108.683	108.681
1.92188	109.906	109.904
1.925	111.143	111.141
1.92813	112.393	112.391
1.93125	113.657	113.654
1.93438	114.934	114.932
1.9375	116.226	116.224
1.94063	117.531	117.529
1.94375	118.851	118.849
1.94688	120.186	120.184
1.95	121.535	121.533
1.95313	122.899	122.897
1.95625	124.277	124.275
1.95938	125.671	125.669
1.9625	127.08	127.078
1.96563	128.505	128.502
1.96875	129.945	129.942
1.97188	131.4	131.398
1.975	132.872	132.87
1.97813	134.36	134.357
1.98125	135.863	135.861
1.98438	137.384	137.381
1.9875	138.921	138.918
1.99063	140.474	140.472
1.99375	142.045	142.042
1.99688	143.633	143.63
2	145.238	145.235
