0.2	0.0269059	0.0268128
0.4	0.151047	0.150778
0.6	0.496648	0.49602
0.8	1.33223	1.33086
1	3.22199	3.2191
1.2	7.32926	7.32328
1.4	16.0193	16.0071
1.6	34.0491	34.0246
1.8	70.9002	70.8511
2	145.332	145.235
2.2	294.23	294.039
0.1	0.00575463	0.00575205
0.2	0.0268188	0.0268128
0.3	0.0711552	0.0711445
0.4	0.150795	0.150778
0.5	0.283643	0.283617
0.6	0.49606	0.49602
0.7	0.82654	0.826481
0.8	1.33094	1.33086
0.9	2.0899	2.08977
1	3.21928	3.2191
1.1	4.88497	4.88471
1.2	7.32366	7.32328
1.3	10.8721	10.8715
1.4	16.0079	16.0071
1.5	23.4075	23.4064
1.6	34.0261	34.0246
1.7	49.2101	49.2079
1.8	70.8542	70.8511
1.9	101.62	101.616
2	145.241	145.235
0.05	0.00133855	0.00133847
0.1	0.00575222	0.00575205
0.15	0.0139499	0.0139496
0.2	0.0268132	0.0268128
0.25	0.0454317	0.0454312
0.3	0.0711452	0.0711445
0.35	0.105594	0.105593
0.4	0.150779	0.150778
0.45	0.209135	0.209134
0.5	0.283618	0.283617
0.55	0.377805	0.377803
0.6	0.496022	0.49602
0.65	0.643486	0.643483
0.7	0.826485	0.826481
0.75	1.05258	1.05258
0.8	1.33086	1.33086
0.85	1.67224	1.67223
0.9	2.08978	2.08977
0.95	2.59916	2.59915
1	3.21911	3.2191
1.05	3.97204	3.97203
1.1	4.88472	4.88471
1.15	5.9891	5.98908
1.2	7.3233	7.32328
1.25	8.93274	8.93271
1.3	10.8715	10.8715
1.35	13.2041	13.2041
1.4	16.0072	16.0071
1.45	19.3719	19.3718
1.5	23.4065	23.4064
1.55	28.2398	28.2397
1.6	34.0246	34.0246
1.65	40.9423	40.9422
1.7	49.208	49.2079
1.75	59.0769	59.0768
1.8	70.8513	70.8511
1.85	84.8896	84.8894
1.9	101.616	101.616
1.95	121.533	121.533
2	145.235	145.235
0.025	0.000323234	0.000323231
0.05	0.00133847	0.00133847
0.075	0.00312026	0.00312025
0.1	0.00575206	0.00575205
0.125	0.00932717	0.00932716
0.15	0.0139496	0.0139496
0.175	0.0197352	0.0197352
0.2	0.0268128	0.0268128
0.225	0.0353253	0.0353253
0.25	0.0454313	0.0454312
0.275	0.0573062	0.0573062
0.3	0.0711446	0.0711445
0.325	0.0871611	0.087161
0.35	0.105593	0.105593
0.375	0.126702	0.126702
0.4	0.150778	0.150778
0.425	0.178138	0.178138
0.45	0.209134	0.209134
0.475	0.244152	0.244152
0.5	0.283617	0.283617
0.525	0.327996	0.327996
0.55	0.377804	0.377803
0.575	0.433605	0.433605
0.6	0.49602	0.49602
0.625	0.56573	0.56573
0.65	0.643483	0.643483
0.675	0.7301	0.7301
0.7	0.826481	0.826481
0.725	0.933612	0.933612
0.75	1.05258	1.05258
0.775	1.18456	1.18456
0.8	1.33086	1.33086
0.825	1.4929	1.4929
0.85	1.67223	1.67223
0.875	1.87057	1.87057
0.9	2.08977	2.08977
0.925	2.33189	2.33189
0.95	2.59915	2.59915
0.975	2.894	2.894
1	3.2191	3.2191
1.025	3.57738	3.57738
1.05	3.97203	3.97203
1.075	4.40654	4.40654
1.1	4.88471	4.88471
1.125	5.41071	5.41071
1.15	5.98909	5.98908
1.175	6.6248	6.6248
1.2	7.32328	7.32328
1.225	8.09043	8.09043
1.25	8.93271	8.93271
1.275	9.85718	9.85717
1.3	10.8715	10.8715
1.325	11.9841	11.9841
1.35	13.2041	13.2041
1.375	14.5415	14.5415
1.4	16.0072	16.0071
1.425	17.613	17.6129
1.45	19.3718	19.3718
1.475	21.2979	21.2979
1.5	23.4064	23.4064
1.525	25.7143	25.7143
1.55	28.2398	28.2397
1.575	31.0026	31.0026
1.6	34.0246	34.0246
1.625	37.3292	37.3292
1.65	40.9422	40.9422
1.675	44.8916	44.8916
1.7	49.2079	49.2079
1.725	53.9242	53.9242
1.75	59.0768	59.0768
1.775	64.7048	64.7048
1.8	70.8512	70.8511
1.825	77.5625	77.5625
1.85	84.8894	84.8894
1.875	92.8872	92.8872
1.9	101.616	101.616
1.925	111.141	111.141
1.95	121.533	121.533
1.975	132.87	132.87
2	145.235	145.235
2.025	158.721	158.721
0.0125	7.94467e-05	7.94486e-05
0.025	0.000323232	0.000323231
0.0375	0.000739891	0.00073989
0.05	0.00133847	0.00133847
0.0625	0.00212854	0.00212854
0.075	0.00312025	0.00312025
0.0875	0.00432431	0.00432431
0.1	0.00575205	0.00575205
0.1125	0.00741546	0.00741546
0.125	0.00932716	0.00932716
0.1375	0.0115005	0.0115005
0.15	0.0139496	0.0139496
0.1625	0.0166893	0.0166893
0.175	0.0197352	0.0197352
0.1875	0.0231039	0.0231039
0.2	0.0268128	0.0268128
0.2125	0.0308802	0.0308802
0.225	0.0353253	0.0353253
0.2375	0.0401685	0.0401685
0.25	0.0454312	0.0454312
0.2625	0.0511359	0.0511359
0.275	0.0573062	0.0573062
0.2875	0.063967	0.063967
0.3	0.0711445	0.0711445
0.3125	0.0788662	0.0788662
0.325	0.087161	0.087161
0.3375	0.0960593	0.0960593
0.35	0.105593	0.105593
0.3625	0.115796	0.115796
0.375	0.126702	0.126702
0.3875	0.13835	0.13835
0.4	0.150778	0.150778
0.4125	0.164026	0.164026
0.425	0.178138	0.178138
0.4375	0.193158	0.193158
0.45	0.209134	0.209134
0.4625	0.226115	0.226115
0.475	0.244152	0.244152
0.4875	0.2633	0.2633
0.5	0.283617	0.283617
0.5125	0.305161	0.305161
0.525	0.327996	0.327996
0.5375	0.352187	0.352187
0.55	0.377803	0.377803
0.5625	0.404917	0.404917
0.575	0.433605	0.433605
0.5875	0.463944	0.463944
0.6	0.49602	0.49602
0.6125	0.529918	0.529918
0.625	0.56573	0.56573
0.6375	0.603552	0.603552
0.65	0.643483	0.643483
0.6625	0.685629	0.685629
0.675	0.7301	0.7301
0.6875	0.77701	0.77701
0.7	0.826481	0.826481
0.7125	0.878637	0.878637
0.725	0.933612	0.933612
0.7375	0.991544	0.991544
0.75	1.05258	1.05258
0.7625	1.11686	1.11686
0.775	1.18456	1.18456
0.7875	1.25583	1.25583
0.8	1.33086	1.33086
0.8125	1.40981	1.40981
0.825	1.4929	1.4929
0.8375	1.5803	1.5803
0.85	1.67223	1.67223
0.8625	1.76891	1.76891
0.875	1.87057	1.87057
0.8875	1.97744	1.97744
0.9	2.08977	2.08977
0.9125	2.20783	2.20783
0.925	2.33189	2.33189
0.9375	2.46223	2.46223
0.95	2.59915	2.59915
0.9625	2.74296	2.74296
0.975	2.894	2.894
0.9875	3.05259	3.05259
1	3.2191	3.2191
1.0125	3.3939	3.3939
1.025	3.57738	3.57738
1.0375	3.76995	3.76995
1.05	3.97203	3.97203
1.0625	4.18407	4.18407
1.075	4.40653	4.40654
1.0875	4.63991	4.63991
1.1	4.88471	4.88471
1.1125	5.14145	5.14145
1.125	5.41071	5.41071
1.1375	5.69305	5.69305
1.15	5.98909	5.98908
1.1625	6.29945	6.29945
1.175	6.6248	6.6248
1.1875	6.96584	6.96584
1.2	7.32328	7.32328
1.2125	7.69788	7.69787
1.225	8.09043	8.09043
1.2375	8.50175	8.50175
1.25	8.93271	8.93271
1.2625	9.38421	9.38421
1.275	9.85718	9.85717
1.2875	10.3526	10.3526
1.3	10.8715	10.8715
1.3125	11.415	11.415
1.325	11.9841	11.9841
1.3375	12.5801	12.5801
1.35	13.2041	13.2041
1.3625	13.8575	13.8575
1.375	14.5415	14.5415
1.3875	15.2576	15.2576
1.4	16.0072	16.0071
1.4125	16.7918	16.7918
1.425	17.6129	17.6129
1.4375	18.4724	18.4724
1.45	19.3718	19.3718
1.4625	20.313	20.313
1.475	21.2979	21.2979
1.4875	22.3283	22.3283
1.5	23.4064	23.4064
1.5125	24.5344	24.5344
1.525	25.7143	25.7143
1.5375	26.9486	26.9486
1.55	28.2397	28.2397
1.5625	29.5902	29.5902
1.575	31.0026	31.0026
1.5875	32.4798	32.4798
1.6	34.0245	34.0246
1.6125	35.64	35.64
1.625	37.3292	37.3292
1.6375	39.0955	39.0955
1.65	40.9422	40.9422
1.6625	42.873	42.873
1.675	44.8916	44.8916
1.6875	47.0019	47.0019
1.7	49.2079	49.2079
1.7125	51.5139	51.5139
1.725	53.9242	53.9242
1.7375	56.4436	56.4436
1.75	59.0768	59.0768
1.7625	61.8287	61.8288
1.775	64.7048	64.7048
1.7875	67.7104	67.7104
1.8	70.8511	70.8511
1.8125	74.1331	74.1331
1.825	77.5624	77.5625
1.8375	81.1456	81.1456
1.85	84.8894	84.8894
1.8625	88.8008	88.8007
1.875	92.8872	92.8872
1.8875	97.1562	97.1562
1.9	101.616	101.616
1.9125	106.274	106.274
1.925	111.141	111.141
1.9375	116.224	116.224
1.95	121.533	121.533
1.9625	127.078	127.078
1.975	132.87	132.87
1.9875	138.918	138.918
2	145.235	145.235
2.0125	151.832	151.832
0.00625	1.96952e-05	1.96961e-05
0.0125	7.94466e-05	7.94486e-05
0.01875	0.000180275	0.000180274
0.025	0.000323232	0.000323231
0.03125	0.000509399	0.000509397
0.0375	0.000739891	0.00073989
0.04375	0.00101585	0.00101585
0.05	0.00133847	0.00133847
0.05625	0.00170895	0.00170895
0.0625	0.00212854	0.00212854
0.06875	0.00259854	0.00259854
0.075	0.00312025	0.00312025
0.08125	0.00369504	0.00369504
0.0875	0.00432431	0.00432431
0.09375	0.00500949	0.00500949
0.1	0.00575205	0.00575205
0.10625	0.00655352	0.00655352
0.1125	0.00741546	0.00741546
0.11875	0.00833945	0.00833945
0.125	0.00932716	0.00932716
0.13125	0.0103803	0.0103803
0.1375	0.0115005	0.0115005
0.14375	0.0126897	0.0126897
0.15	0.0139496	0.0139496
0.15625	0.0152822	0.0152822
0.1625	0.0166893	0.0166893
0.16875	0.018173	0.018173
0.175	0.0197352	0.0197352
0.18125	0.0213782	0.0213782
0.1875	0.0231039	0.0231039
0.19375	0.0249147	0.0249147
0.2	0.0268128	0.0268128
0.20625	0.0288005	0.0288005
0.2125	0.0308802	0.0308802
0.21875	0.0330543	0.0330543
0.225	0.0353253	0.0353253
0.23125	0.0376958	0.0376958
0.2375	0.0401685	0.0401685
0.24375	0.0427461	0.0427461
0.25	0.0454312	0.0454312
0.25625	0.0482269	0.0482269
0.2625	0.0511359	0.0511359
0.26875	0.0541613	0.0541613
0.275	0.0573062	0.0573062
0.28125	0.0605737	0.0605737
0.2875	0.063967	0.063967
0.29375	0.0674895	0.0674895
0.3	0.0711445	0.0711445
0.30625	0.0749356	0.0749356
0.3125	0.0788662	0.0788662
0.31875	0.0829401	0.0829401
0.325	0.087161	0.087161
0.33125	0.0915328	0.0915328
0.3375	0.0960593	0.0960593
0.34375	0.100745	0.100745
0.35	0.105593	0.105593
0.35625	0.110608	0.110608
0.3625	0.115796	0.115796
0.36875	0.121159	0.121159
0.375	0.126702	0.126702
0.38125	0.132431	0.132431
0.3875	0.13835	0.13835
0.39375	0.144464	0.144464
0.4	0.150778	0.150778
0.40625	0.157297	0.157297
0.4125	0.164026	0.164026
0.41875	0.170972	0.170972
0.425	0.178138	0.178138
0.43125	0.185532	0.185532
0.4375	0.193158	0.193158
0.44375	0.201024	0.201024
0.45	0.209134	0.209134
0.45625	0.217496	0.217496
0.4625	0.226115	0.226115
0.46875	0.234998	0.234998
0.475	0.244152	0.244152
0.48125	0.253584	0.253584
0.4875	0.2633	0.2633
0.49375	0.273309	0.273309
0.5	0.283617	0.283617
0.50625	0.294231	0.294231
0.5125	0.305161	0.305161
0.51875	0.316413	0.316413
0.525	0.327996	0.327996
0.53125	0.339918	0.339918
0.5375	0.352187	0.352187
0.54375	0.364813	0.364813
0.55	0.377803	0.377803
0.55625	0.391169	0.391169
0.5625	0.404917	0.404917
0.56875	0.419059	0.419059
0.575	0.433605	0.433605
0.58125	0.448563	0.448563
0.5875	0.463944	0.463944
0.59375	0.47976	0.47976
0.6	0.49602	0.49602
0.60625	0.512735	0.512735
0.6125	0.529918	0.529918
0.61875	0.547579	0.547579
0.625	0.56573	0.56573
0.63125	0.584383	0.584383
0.6375	0.603552	0.603552
0.64375	0.623247	0.623247
0.65	0.643483	0.643483
0.65625	0.664273	0.664273
0.6625	0.685629	0.685629
0.66875	0.707567	0.707567
0.675	0.7301	0.7301
0.68125	0.753243	0.753243
0.6875	0.77701	0.77701
0.69375	0.801418	0.801418
0.7	0.826481	0.826481
0.70625	0.852215	0.852215
0.7125	0.878637	0.878637
0.71875	0.905764	0.905764
0.725	0.933612	0.933612
0.73125	0.962199	0.962199
0.7375	0.991544	0.991544
0.74375	1.02166	1.02166
0.75	1.05258	1.05258
0.75625	1.0843	1.0843
0.7625	1.11686	1.11686
0.76875	1.15027	1.15027
0.775	1.18456	1.18456
0.78125	1.21974	1.21974
0.7875	1.25583	1.25583
0.79375	1.29286	1.29286
0.8	1.33086	1.33086
0.80625	1.36983	1.36983
0.8125	1.40981	1.40981
0.81875	1.45083	1.45083
0.825	1.4929	1.4929
0.83125	1.53604	1.53604
0.8375	1.5803	1.5803
0.84375	1.62568	1.62568
0.85	1.67223	1.67223
0.85625	1.71996	1.71996
0.8625	1.76891	1.76891
0.86875	1.8191	1.8191
0.875	1.87057	1.87057
0.88125	1.92334	1.92334
0.8875	1.97744	1.97744
0.89375	2.03291	2.03291
0.9	2.08977	2.08977
0.90625	2.14807	2.14807
0.9125	2.20783	2.20783
0.91875	2.26909	2.26909
0.925	2.33189	2.33189
0.93125	2.39626	2.39626
0.9375	2.46223	2.46223
0.94375	2.52985	2.52985
0.95	2.59915	2.59915
0.95625	2.67018	2.67018
0.9625	2.74296	2.74296
0.96875	2.81756	2.81756
0.975	2.894	2.894
0.98125	2.97233	2.97233
0.9875	3.05259	3.05259
0.99375	3.13483	3.13483
1	3.2191	3.2191
1.00625	3.30544	3.30544
1.0125	3.3939	3.3939
1.01875	3.48453	3.48453
1.025	3.57738	3.57738
1.03125	3.6725	3.6725
1.0375	3.76995	3.76995
1.04375	3.86977	3.86977
1.05	3.97203	3.97203
1.05625	4.07678	4.07678
1.0625	4.18407	4.18407
1.06875	4.29397	4.29397
1.075	4.40653	4.40654
1.08125	4.52183	4.52183
1.0875	4.63991	4.63991
1.09375	4.76085	4.76085
1.1	4.88471	4.88471
1.10625	5.01155	5.01155
1.1125	5.14145	5.14145
1.11875	5.27448	5.27448
1.125	5.41071	5.41071
1.13125	5.55021	5.55021
1.1375	5.69305	5.69305
1.14375	5.83932	5.83932
1.15	5.98908	5.98908
1.15625	6.14243	6.14243
1.1625	6.29945	6.29945
1.16875	6.46021	6.46021
1.175	6.6248	6.6248
1.18125	6.79331	6.79331
1.1875	6.96584	6.96584
1.19375	7.14246	7.14246
1.2	7.32328	7.32328
1.20625	7.50838	7.50838
1.2125	7.69788	7.69787
1.21875	7.89186	7.89186
1.225	8.09043	8.09043
1.23125	8.29369	8.29369
1.2375	8.50175	8.50175
1.24375	8.71472	8.71472
1.25	8.93271	8.93271
1.25625	9.15583	9.15584
1.2625	9.38421	9.38421
1.26875	9.61795	9.61794
1.275	9.85718	9.85717
1.28125	10.102	10.102
1.2875	10.3526	10.3526
1.29375	10.6091	10.6091
1.3	10.8715	10.8715
1.30625	11.1401	11.1401
1.3125	11.415	11.415
1.31875	11.6963	11.6963
1.325	11.9841	11.9841
1.33125	12.2787	12.2787
1.3375	12.5801	12.5801
1.34375	12.8885	12.8885
1.35	13.2041	13.2041
1.35625	13.527	13.527
1.3625	13.8575	13.8575
1.36875	14.1956	14.1956
1.375	14.5415	14.5415
1.38125	14.8954	14.8954
1.3875	15.2576	15.2576
1.39375	15.6281	15.6281
1.4	16.0072	16.0071
1.40625	16.395	16.395
1.4125	16.7918	16.7918
1.41875	17.1977	17.1977
1.425	17.6129	17.6129
1.43125	18.0378	18.0378
1.4375	18.4724	18.4724
1.44375	18.917	18.917
1.45	19.3718	19.3718
1.45625	19.8371	19.8371
1.4625	20.313	20.313
1.46875	20.7999	20.7999
1.475	21.2979	21.2979
1.48125	21.8073	21.8073
1.4875	22.3283	22.3283
1.49375	22.8613	22.8613
1.5	23.4064	23.4064
1.50625	23.964	23.9641
1.5125	24.5344	24.5344
1.51875	25.1177	25.1177
1.525	25.7143	25.7143
1.53125	26.3245	26.3245
1.5375	26.9486	26.9486
1.54375	27.5869	27.587
1.55	28.2397	28.2397
1.55625	28.9074	28.9074
1.5625	29.5902	29.5902
1.56875	30.2885	30.2885
1.575	31.0026	31.0026
1.58125	31.7329	31.7329
1.5875	32.4798	32.4798
1.59375	33.2435	33.2435
1.6	34.0245	34.0246
1.60625	34.8232	34.8233
1.6125	35.64	35.64
1.61875	36.4752	36.4751
1.625	37.3292	37.3292
1.63125	38.2025	38.2025
1.6375	39.0955	39.0955
1.64375	40.0086	40.0085
1.65	40.9422	40.9422
1.65625	41.8969	41.8969
1.6625	42.873	42.873
1.66875	43.8711	43.8711
1.675	44.8916	44.8916
1.68125	45.9351	45.935
1.6875	47.0019	47.0019
1.69375	48.0927	48.0927
1.7	49.2079	49.2079
1.70625	50.3481	50.3481
1.7125	51.5139	51.5139
1.71875	52.7057	52.7057
1.725	53.9242	53.9242
1.73125	55.17	55.17
1.7375	56.4436	56.4436
1.74375	57.7456	57.7456
1.75	59.0768	59.0768
1.75625	60.4376	60.4376
1.7625	61.8287	61.8288
1.76875	63.2509	63.2509
1.775	64.7048	64.7048
1.78125	66.191	66.191
1.7875	67.7104	67.7104
1.79375	69.2635	69.2635
1.8	70.8511	70.8511
1.80625	72.4741	72.4741
1.8125	74.1331	74.1331
1.81875	75.829	75.829
1.825	77.5624	77.5625
1.83125	79.3344	79.3344
1.8375	81.1456	81.1456
1.84375	82.997	82.997
1.85	84.8894	84.8894
1.85625	86.8237	86.8237
1.8625	88.8008	88.8007
1.86875	90.8216	90.8216
1.875	92.8872	92.8872
1.88125	94.9983	94.9984
1.8875	97.1562	97.1562
1.89375	99.3616	99.3616
1.9	101.616	101.616
1.90625	103.92	103.92
1.9125	106.274	106.274
1.91875	108.681	108.681
1.925	111.141	111.141
1.93125	113.655	113.654
1.9375	116.224	116.224
1.94375	118.849	118.849
1.95	121.533	121.533
1.95625	124.275	124.275
1.9625	127.078	127.078
1.96875	129.942	129.942
1.975	132.87	132.87
1.98125	135.861	135.861
1.9875	138.918	138.918
1.99375	142.042	142.042
2	145.235	145.235
0.003125	4.90323e-06	4.90227e-06
0.00625	1.96952e-05	1.96961e-05
0.009375	4.45008e-05	4.44995e-05
0.0125	7.94466e-05	7.94486e-05
0.015625	0.000124661	0.000124659
0.01875	0.000180275	0.000180274
0.021875	0.00024642	0.000246423
0.025	0.000323232	0.000323231
0.028125	0.000410845	0.000410847
0.03125	0.000509399	0.000509397
0.034375	0.000619034	0.000619034
0.0375	0.000739891	0.00073989
0.040625	0.000872116	0.000872114
0.04375	0.00101585	0.00101585
0.046875	0.00117126	0.00117125
0.05	0.00133847	0.00133847
0.053125	0.00151765	0.00151765
0.05625	0.00170895	0.00170895
0.059375	0.00191253	0.00191253
0.0625	0.00212854	0.00212854
0.065625	0.00235716	0.00235716
0.06875	0.00259854	0.00259854
0.071875	0.00285285	0.00285284
0.075	0.00312025	0.00312025
0.078125	0.00340093	0.00340093
0.08125	0.00369504	0.00369504
0.084375	0.00400278	0.00400278
0.0875	0.00432431	0.00432431
0.090625	0.00465982	0.00465982
0.09375	0.00500949	0.00500949
0.096875	0.0053735	0.0053735
0.1	0.00575205	0.00575205
0.103125	0.00614533	0.00614533
0.10625	0.00655352	0.00655352
0.109375	0.00697683	0.00697683
0.1125	0.00741546	0.00741546
0.115625	0.00786959	0.00786959
0.11875	0.00833945	0.00833945
0.121875	0.00882524	0.00882524
0.125	0.00932716	0.00932716
0.128125	0.00984543	0.00984543
0.13125	0.0103803	0.0103803
0.134375	0.0109319	0.0109319
0.1375	0.0115005	0.0115005
0.140625	0.0120864	0.0120864
0.14375	0.0126897	0.0126897
0.146875	0.0133107	0.0133107
0.15	0.0139496	0.0139496
0.153125	0.0146067	0.0146067
0.15625	0.0152822	0.0152822
0.159375	0.0159763	0.0159763
0.1625	0.0166893	0.0166893
0.165625	0.0174214	0.0174214
0.16875	0.018173	0.018173
0.171875	0.0189441	0.0189441
0.175	0.0197352	0.0197352
0.178125	0.0205465	0.0205465
0.18125	0.0213782	0.0213782
0.184375	0.0222306	0.0222306
0.1875	0.0231039	0.0231039
0.190625	0.0239986	0.0239986
0.19375	0.0249147	0.0249147
0.196875	0.0258527	0.0258527
0.2	0.0268128	0.0268128
0.203125	0.0277953	0.0277953
0.20625	0.0288005	0.0288005
0.209375	0.0298287	0.0298287
0.2125	0.0308802	0.0308802
0.215625	0.0319552	0.0319552
0.21875	0.0330543	0.0330543
0.221875	0.0341775	0.0341775
0.225	0.0353253	0.0353253
0.228125	0.036498	0.036498
0.23125	0.0376958	0.0376958
0.234375	0.0389192	0.0389192
0.2375	0.0401685	0.0401685
0.240625	0.041444	0.041444
0.24375	0.0427461	0.0427461
0.246875	0.044075	0.044075
0.25	0.0454312	0.0454312
0.253125	0.0468151	0.0468151
0.25625	0.0482269	0.0482269
0.259375	0.049667	0.049667
0.2625	0.0511359	0.0511359
0.265625	0.0526339	0.0526339
0.26875	0.0541613	0.0541613
0.271875	0.0557186	0.0557186
0.275	0.0573062	0.0573062
0.278125	0.0589244	0.0589244
0.28125	0.0605737	0.0605737
0.284375	0.0622544	0.0622544
0.2875	0.063967	0.063967
0.290625	0.0657119	0.0657119
0.29375	0.0674895	0.0674895
0.296875	0.0693002	0.0693002
0.3	0.0711445	0.0711445
0.303125	0.0730228	0.0730228
0.30625	0.0749356	0.0749356
0.309375	0.0768832	0.0768832
0.3125	0.0788662	0.0788662
0.315625	0.080885	0.080885
0.31875	0.0829401	0.0829401
0.321875	0.0850319	0.085032
0.325	0.087161	0.087161
0.328125	0.0893278	0.0893278
0.33125	0.0915328	0.0915328
0.334375	0.0937764	0.0937764
0.3375	0.0960593	0.0960593
0.340625	0.0983818	0.0983818
0.34375	0.100745	0.100745
0.346875	0.103148	0.103148
0.35	0.105593	0.105593
0.353125	0.10808	0.10808
0.35625	0.110608	0.110608
0.359375	0.11318	0.11318
0.3625	0.115796	0.115796
0.365625	0.118455	0.118455
0.36875	0.121159	0.121159
0.371875	0.123908	0.123908
0.375	0.126702	0.126702
0.378125	0.129543	0.129543
0.38125	0.132431	0.132431
0.384375	0.135367	0.135367
0.3875	0.13835	0.13835
0.390625	0.141382	0.141382
0.39375	0.144464	0.144464
0.396875	0.147596	0.147596
0.4	0.150778	0.150778
0.403125	0.154011	0.154011
0.40625	0.157297	0.157297
0.409375	0.160635	0.160635
0.4125	0.164026	0.164026
0.415625	0.167472	0.167472
0.41875	0.170972	0.170972
0.421875	0.174527	0.174527
0.425	0.178138	0.178138
0.428125	0.181806	0.181806
0.43125	0.185532	0.185532
0.434375	0.189316	0.189316
0.4375	0.193158	0.193158
0.440625	0.197061	0.197061
0.44375	0.201024	0.201024
0.446875	0.205048	0.205048
0.45	0.209134	0.209134
0.453125	0.213283	0.213283
0.45625	0.217496	0.217496
0.459375	0.221772	0.221772
0.4625	0.226115	0.226115
0.465625	0.230523	0.230523
0.46875	0.234998	0.234998
0.471875	0.239541	0.239541
0.475	0.244152	0.244152
0.478125	0.248833	0.248833
0.48125	0.253584	0.253584
0.484375	0.258406	0.258406
0.4875	0.2633	0.2633
0.490625	0.268267	0.268267
0.49375	0.273309	0.273309
0.496875	0.278425	0.278425
0.5	0.283617	0.283617
0.503125	0.288885	0.288885
0.50625	0.294231	0.294231
0.509375	0.299656	0.299656
0.5125	0.305161	0.305161
0.515625	0.310746	0.310746
0.51875	0.316413	0.316413
0.521875	0.322162	0.322163
0.525	0.327996	0.327996
0.528125	0.333914	0.333914
0.53125	0.339918	0.339918
0.534375	0.346008	0.346008
0.5375	0.352187	0.352187
0.540625	0.358455	0.358455
0.54375	0.364813	0.364813
0.546875	0.371262	0.371262
0.55	0.377803	0.377803
0.553125	0.384439	0.384439
0.55625	0.391169	0.391169
0.559375	0.397994	0.397994
0.5625	0.404917	0.404917
0.565625	0.411939	0.411939
0.56875	0.419059	0.419059
0.571875	0.426281	0.426281
0.575	0.433605	0.433605
0.578125	0.441031	0.441031
0.58125	0.448563	0.448563
0.584375	0.4562	0.4562
0.5875	0.463944	0.463944
0.590625	0.471797	0.471797
0.59375	0.47976	0.47976
0.596875	0.487833	0.487833
0.6	0.49602	0.49602
0.603125	0.50432	0.50432
0.60625	0.512735	0.512735
0.609375	0.521267	0.521267
0.6125	0.529918	0.529918
0.615625	0.538688	0.538688
0.61875	0.547579	0.547579
0.621875	0.556592	0.556592
0.625	0.56573	0.56573
0.628125	0.574993	0.574993
0.63125	0.584383	0.584383
0.634375	0.593902	0.593902
0.6375	0.603552	0.603552
0.640625	0.613333	0.613333
0.64375	0.623247	0.623247
0.646875	0.633297	0.633297
0.65	0.643483	0.643483
0.653125	0.653808	0.653808
0.65625	0.664273	0.664273
0.659375	0.674879	0.674879
0.6625	0.685629	0.685629
0.665625	0.696525	0.696525
0.66875	0.707567	0.707567
0.671875	0.718758	0.718758
0.675	0.7301	0.7301
0.678125	0.741594	0.741595
0.68125	0.753243	0.753243
0.684375	0.765048	0.765048
0.6875	0.77701	0.77701
0.690625	0.789133	0.789133
0.69375	0.801418	0.801418
0.696875	0.813866	0.813866
0.7	0.826481	0.826481
0.703125	0.839263	0.839263
0.70625	0.852215	0.852215
0.709375	0.865339	0.86534
0.7125	0.878637	0.878637
0.715625	0.892112	0.892112
0.71875	0.905764	0.905764
0.721875	0.919597	0.919597
0.725	0.933612	0.933612
0.728125	0.947812	0.947812
0.73125	0.962199	0.962199
0.734375	0.976776	0.976776
0.7375	0.991544	0.991544
0.740625	1.00651	1.00651
0.74375	1.02166	1.02166
0.746875	1.03702	1.03702
0.75	1.05258	1.05258
0.753125	1.06834	1.06834
0.75625	1.0843	1.0843
0.759375	1.10048	1.10048
0.7625	1.11686	1.11686
0.765625	1.13346	1.13346
0.76875	1.15027	1.15027
0.771875	1.16731	1.16731
0.775	1.18456	1.18456
0.778125	1.20203	1.20203
0.78125	1.21974	1.21974
0.784375	1.23767	1.23767
0.7875	1.25583	1.25583
0.790625	1.27423	1.27423
0.79375	1.29286	1.29286
0.796875	1.31174	1.31174
0.8	1.33086	1.33086
0.803125	1.35022	1.35022
0.80625	1.36983	1.36983
0.809375	1.3897	1.3897
0.8125	1.40981	1.40981
0.815625	1.43019	1.43019
0.81875	1.45083	1.45083
0.821875	1.47173	1.47173
0.825	1.4929	1.4929
0.828125	1.51433	1.51433
0.83125	1.53604	1.53604
0.834375	1.55803	1.55803
0.8375	1.5803	1.5803
0.840625	1.60285	1.60285
0.84375	1.62568	1.62568
0.846875	1.64881	1.64881
0.85	1.67223	1.67223
0.853125	1.69595	1.69595
0.85625	1.71996	1.71996
0.859375	1.74428	1.74428
0.8625	1.76891	1.76891
0.865625	1.79385	1.79385
0.86875	1.8191	1.8191
0.871875	1.84467	1.84467
0.875	1.87057	1.87057
0.878125	1.89679	1.89679
0.88125	1.92334	1.92334
0.884375	1.95022	1.95022
0.8875	1.97744	1.97744
0.890625	2.005	2.005
0.89375	2.03291	2.03291
0.896875	2.06116	2.06116
0.9	2.08977	2.08977
0.903125	2.11874	2.11874
0.90625	2.14807	2.14807
0.909375	2.17777	2.17777
0.9125	2.20783	2.20783
0.915625	2.23827	2.23827
0.91875	2.26909	2.26909
0.921875	2.3003	2.3003
0.925	2.33189	2.33189
0.928125	2.36387	2.36388
0.93125	2.39626	2.39626
0.934375	2.42904	2.42904
0.9375	2.46223	2.46223
0.940625	2.49583	2.49583
0.94375	2.52985	2.52985
0.946875	2.56429	2.56429
0.95	2.59915	2.59915
0.953125	2.63444	2.63444
0.95625	2.67018	2.67018
0.959375	2.70635	2.70635
0.9625	2.74296	2.74296
0.965625	2.78003	2.78003
0.96875	2.81756	2.81756
0.971875	2.85554	2.85554
0.975	2.894	2.894
0.978125	2.93292	2.93292
0.98125	2.97233	2.97233
0.984375	3.01221	3.01221
0.9875	3.05259	3.05259
0.990625	3.09346	3.09346
0.99375	3.13483	3.13483
0.996875	3.17671	3.17671
1	3.2191	3.2191
1.00313	3.26201	3.26201
1.00625	3.30544	3.30544
1.00938	3.3494	3.3494
1.0125	3.3939	3.3939
1.01563	3.43894	3.43894
1.01875	3.48453	3.48453
1.02188	3.53067	3.53067
1.025	3.57738	3.57738
1.02813	3.62465	3.62465
1.03125	3.6725	3.6725
1.03438	3.72093	3.72093
1.0375	3.76995	3.76995
1.04063	3.81956	3.81956
1.04375	3.86977	3.86977
1.04688	3.92059	3.92059
1.05	3.97203	3.97203
1.05313	4.02409	4.02409
1.05625	4.07678	4.07678
1.05938	4.1301	4.1301
1.0625	4.18407	4.18407
1.06563	4.23869	4.23869
1.06875	4.29397	4.29397
1.07188	4.34992	4.34991
1.075	4.40653	4.40654
1.07813	4.46384	4.46384
1.08125	4.52183	4.52183
1.08438	4.58052	4.58052
1.0875	4.63991	4.63991
1.09063	4.70002	4.70002
1.09375	4.76085	4.76085
1.09688	4.82241	4.82241
1.1	4.88471	4.88471
1.10313	4.94775	4.94775
1.10625	5.01155	5.01155
1.10938	5.07612	5.07612
1.1125	5.14145	5.14145
1.11563	5.20757	5.20757
1.11875	5.27448	5.27448
1.12188	5.34219	5.34219
1.125	5.41071	5.41071
1.12813	5.48004	5.48004
1.13125	5.55021	5.55021
1.13438	5.6212	5.6212
1.1375	5.69305	5.69305
1.14063	5.76575	5.76575
1.14375	5.83932	5.83932
1.14688	5.91376	5.91376
1.15	5.98908	5.98908
1.15313	6.06531	6.06531
1.15625	6.14243	6.14243
1.15938	6.22048	6.22048
1.1625	6.29945	6.29945
1.16563	6.37935	6.37935
1.16875	6.46021	6.46021
1.17188	6.54202	6.54202
1.175	6.6248	6.6248
1.17813	6.70856	6.70856
1.18125	6.79331	6.79331
1.18438	6.87907	6.87907
1.1875	6.96584	6.96584
1.19063	7.05363	7.05363
1.19375	7.14246	7.14246
1.19688	7.23234	7.23234
1.2	7.32328	7.32328
1.20313	7.41529	7.41529
1.20625	7.50838	7.50838
1.20938	7.60257	7.60258
1.2125	7.69788	7.69787
1.21563	7.7943	7.7943
1.21875	7.89186	7.89186
1.22188	7.99056	7.99056
1.225	8.09043	8.09043
1.22813	8.19146	8.19146
1.23125	8.29369	8.29369
1.23438	8.39711	8.39711
1.2375	8.50175	8.50175
1.24063	8.60762	8.60762
1.24375	8.71472	8.71472
1.24688	8.82308	8.82308
1.25	8.93271	8.93271
1.25313	9.04362	9.04362
1.25625	9.15583	9.15584
1.25938	9.26936	9.26935
1.2625	9.38421	9.38421
1.26563	9.5004	9.5004
1.26875	9.61795	9.61794
1.27188	9.73687	9.73687
1.275	9.85718	9.85717
1.27813	9.97889	9.97889
1.28125	10.102	10.102
1.28438	10.2266	10.2266
1.2875	10.3526	10.3526
1.29063	10.4801	10.4801
1.29375	10.6091	10.6091
1.29688	10.7395	10.7395
1.3	10.8715	10.8715
1.30313	11.005	11.005
1.30625	11.1401	11.1401
1.30938	11.2767	11.2767
1.3125	11.415	11.415
1.31563	11.5548	11.5548
1.31875	11.6963	11.6963
1.32188	11.8393	11.8393
1.325	11.9841	11.9841
1.32813	12.1305	12.1305
1.33125	12.2787	12.2787
1.33438	12.4285	12.4285
1.3375	12.5801	12.5801
1.34063	12.7334	12.7334
1.34375	12.8885	12.8885
1.34688	13.0454	13.0454
1.35	13.2041	13.2041
1.35313	13.3646	13.3646
1.35625	13.527	13.527
1.35938	13.6913	13.6913
1.3625	13.8575	13.8575
1.36563	14.0255	14.0255
1.36875	14.1956	14.1956
1.37188	14.3675	14.3675
1.375	14.5415	14.5415
1.37813	14.7175	14.7174
1.38125	14.8954	14.8954
1.38438	15.0755	15.0755
1.3875	15.2576	15.2576
1.39063	15.4418	15.4418
1.39375	15.6281	15.6281
1.39688	15.8165	15.8165
1.4	16.0072	16.0071
1.40313	16.2	16.2
1.40625	16.395	16.395
1.40938	16.5922	16.5922
1.4125	16.7918	16.7918
1.41563	16.9936	16.9936
1.41875	17.1977	17.1977
1.42188	17.4041	17.4041
1.425	17.6129	17.6129
1.42813	17.8242	17.8242
1.43125	18.0378	18.0378
1.43438	18.2539	18.2539
1.4375	18.4724	18.4724
1.44063	18.6934	18.6934
1.44375	18.917	18.917
1.44688	19.1431	19.1431
1.45	19.3718	19.3718
1.45313	19.6031	19.6031
1.45625	19.8371	19.8371
1.45938	20.0737	20.0737
1.4625	20.313	20.313
1.46563	20.5551	20.5551
1.46875	20.7999	20.7999
1.47188	21.0474	21.0474
1.475	21.2979	21.2979
1.47813	21.5511	21.5511
1.48125	21.8073	21.8073
1.48438	22.0663	22.0663
1.4875	22.3283	22.3283
1.49063	22.5933	22.5933
1.49375	22.8613	22.8613
1.49688	23.1323	23.1323
1.5	23.4064	23.4064
1.50313	23.6837	23.6837
1.50625	23.964	23.9641
1.50938	24.2476	24.2476
1.5125	24.5344	24.5344
1.51563	24.8244	24.8244
1.51875	25.1177	25.1177
1.52188	25.4143	25.4143
1.525	25.7143	25.7143
1.52813	26.0177	26.0177
1.53125	26.3245	26.3245
1.53438	26.6348	26.6348
1.5375	26.9486	26.9486
1.54063	27.266	27.266
1.54375	27.5869	27.587
1.54688	27.9115	27.9115
1.55	28.2397	28.2397
1.55313	28.5717	28.5717
1.55625	28.9074	28.9074
1.55938	29.2469	29.2469
1.5625	29.5902	29.5902
1.56563	29.9374	29.9374
1.56875	30.2885	30.2885
1.57188	30.6435	30.6435
1.575	31.0026	31.0026
1.57813	31.3657	31.3657
1.58125	31.7329	31.7329
1.58438	32.1042	32.1043
1.5875	32.4798	32.4798
1.59063	32.8595	32.8595
1.59375	33.2435	33.2435
1.59688	33.6318	33.6318
1.6	34.0245	34.0246
1.60313	34.4217	34.4217
1.60625	34.8232	34.8233
1.60938	35.2293	35.2293
1.6125	35.64	35.64
1.61563	36.0552	36.0552
1.61875	36.4752	36.4751
1.62188	36.8998	36.8998
1.625	37.3292	37.3292
1.62813	37.7634	37.7634
1.63125	38.2025	38.2025
1.63438	38.6465	38.6465
1.6375	39.0955	39.0955
1.64063	39.5495	39.5495
1.64375	40.0086	40.0085
1.64688	40.4728	40.4728
1.65	40.9422	40.9422
1.65313	41.4169	41.4169
1.65625	41.8969	41.8969
1.65938	42.3822	42.3822
1.6625	42.873	42.873
1.66563	43.3693	43.3693
1.66875	43.8711	43.8711
1.67188	44.3785	44.3785
1.675	44.8916	44.8916
1.67813	45.4104	45.4105
1.68125	45.9351	45.935
1.68438	46.4655	46.4655
1.6875	47.0019	47.0019
1.69063	47.5443	47.5442
1.69375	48.0927	48.0927
1.69688	48.6472	48.6472
1.7	49.2079	49.2079
1.70313	49.7749	49.7749
1.70625	50.3481	50.3481
1.70938	50.9278	50.9278
1.7125	51.5139	51.5139
1.71563	52.1065	52.1065
1.71875	52.7057	52.7057
1.72188	53.3116	53.3116
1.725	53.9242	53.9242
1.72813	54.5437	54.5437
1.73125	55.17	55.17
1.73438	55.8033	55.8033
1.7375	56.4436	56.4436
1.74063	57.091	57.091
1.74375	57.7456	57.7456
1.74688	58.4075	58.4075
1.75	59.0768	59.0768
1.75313	59.7534	59.7534
1.75625	60.4376	60.4376
1.75938	61.1293	61.1293
1.7625	61.8287	61.8288
1.76563	62.5359	62.5359
1.76875	63.2509	63.2509
1.77188	63.9738	63.9739
1.775	64.7048	64.7048
1.77813	65.4438	65.4438
1.78125	66.191	66.191
1.78438	66.9465	66.9465
1.7875	67.7104	67.7104
1.79063	68.4826	68.4826
1.79375	69.2635	69.2635
1.79688	70.0529	70.0529
1.8	70.8511	70.8511
1.80313	71.6582	71.6582
1.80625	72.4741	72.4741
1.80938	73.299	73.2991
1.8125	74.1331	74.1331
1.81563	74.9764	74.9763
1.81875	75.829	75.829
1.82188	76.6909	76.6909
1.825	77.5624	77.5625
1.82813	78.4436	78.4436
1.83125	79.3344	79.3344
1.83438	80.235	80.2351
1.8375	81.1456	81.1456
1.84063	82.0662	82.0663
1.84375	82.997	82.997
1.84688	83.938	83.938
1.85	84.8894	84.8894
1.85313	85.8512	85.8512
1.85625	86.8237	86.8237
1.85938	87.8068	87.8068
1.8625	88.8008	88.8007
1.86563	89.8057	89.8057
1.86875	90.8216	90.8216
1.87188	91.8487	91.8488
1.875	92.8872	92.8872
1.87813	93.937	93.9369
1.88125	94.9983	94.9984
1.88438	96.0714	96.0713
1.8875	97.1562	97.1562
1.89063	98.2529	98.2529
1.89375	99.3616	99.3616
1.89688	100.483	100.483
1.9	101.616	101.616
1.90313	102.761	102.762
1.90625	103.92	103.92
1.90938	105.091	105.091
1.9125	106.274	106.274
1.91563	107.471	107.471
1.91875	108.681	108.681
1.92188	109.904	109.904
1.925	111.141	111.141
1.92813	112.391	112.391
1.93125	113.655	113.654
1.93438	114.932	114.932
1.9375	116.224	116.224
1.94063	117.529	117.529
1.94375	118.849	118.849
1.94688	120.184	120.184
1.95	121.533	121.533
1.95313	122.897	122.897
1.95625	124.275	124.275
1.95938	125.669	125.669
1.9625	127.078	127.078
1.96563	128.502	128.502
1.96875	129.942	129.942
1.97188	131.398	131.398
1.975	132.87	132.87
1.97813	134.357	134.357
1.98125	135.861	135.861
1.98438	137.381	137.381
1.9875	138.918	138.918
1.99063	140.472	140.472
1.99375	142.042	142.042
1.99688	143.63	143.63
2	145.235	145.235
